0.000000 1.000000 2.000000 3.000000
0.010000 1.100000 2.230000 2.940000
0.020000 1.213000 2.483360 2.886130
0.030000 1.340036 2.763158 2.839289
0.040000 1.482348 3.072689 2.800602
0.050000 1.641382 3.415505 2.771467
0.060000 1.818794 3.795446 2.753623
0.070000 2.016460 4.216671 2.749224
0.080000 2.236481 4.683676 2.760939
0.090000 2.481200 5.201306 2.792063
0.100000 2.753211 5.774753 2.846663
0.110000 3.055365 6.409530 2.929743
0.120000 3.390781 7.111422 3.047451
0.130000 3.762846 7.886395 3.207318
0.140000 4.175200 8.740441 3.418543
0.150000 4.631724 9.679362 3.692312
0.160000 5.136488 10.708434 4.042172
0.170000 5.693683 11.831941 4.484418
0.180000 6.307508 13.052524 5.038507
0.190000 6.982010 14.370296 5.727435
0.200000 7.720839 15.781666 6.578039
0.210000 8.526921 17.277803 7.621101
0.220000 9.402009 18.842718 8.891136
0.230000 10.346080 20.450909 10.425632
0.240000 11.356563 22.064657 12.263482
0.250000 12.427372 23.631138 14.442242
0.260000 13.547749 25.079700 16.993843
0.270000 14.700944 26.319990 19.938408
0.280000 15.862848 27.241920 23.276003
0.290000 17.000755 27.718863 26.976654
0.300000 18.072567 27.615650 30.969692
0.310000 19.026875 26.802794 35.134689
0.320000 19.804466 25.177258 39.297497
0.330000 20.341745 22.688076 43.235783
0.340000 20.576378 19.361971 46.697979
0.350000 20.454937 15.320984 49.436691
0.360000 19.941542 10.782912 51.252274
0.370000 19.025679 6.038221 52.035824
0.380000 17.726933 1.404861 51.797012
0.390000 16.094725 -2.827668 50.664795
0.400000 14.202485 -6.447227 48.858627
0.410000 12.137514 -9.345199 46.640064
0.420000 9.989243 -11.514187 44.262054
0.430000 7.838900 -13.023500 41.931553
0.440000 5.752660 -13.985346 39.792477
0.450000 3.778859 -14.523873 37.926815
0.460000 1.948586 -14.753755 36.366596
0.470000 0.278352 -14.769247 35.109329
0.480000 -1.226408 -14.641343 34.131969
0.490000 -2.567902 -14.419726 33.401344
0.500000 -3.753084 -14.136827 32.880924
0.510000 -4.791459 -13.812274 32.534664
0.520000 -5.693540 -13.456875 32.328880
0.530000 -6.469873 -13.075840 32.232948
0.540000 -7.130470 -12.671215 32.219391
0.550000 -7.684545 -12.243641 32.263721
0.560000 -8.140454 -11.793557 32.344223
0.570000 -8.505765 -11.321982 32.441757
0.580000 -8.787387 -10.830957 32.539665
0.590000 -8.991744 -10.323730 32.623699
0.600000 -9.124943 -9.804741 32.682014
0.610000 -9.192923 -9.279463 32.705170
0.620000 -9.201576 -8.754126 32.686085
0.630000 -9.156831 -8.235391 32.619972
0.640000 -9.064687 -7.729994 32.504208
0.650000 -8.931217 -7.244401 32.338127
0.660000 -8.762536 -6.784510 32.122787
0.670000 -8.564734 -6.355404 31.860674
0.680000 -8.343801 -5.961194 31.555378
0.690000 -8.105540 -5.604928 31.211290
0.700000 -7.855479 -5.288587 30.833298
0.710000 -7.598790 -5.013132 30.426519
0.720000 -7.340224 -4.778614 29.996082
0.730000 -7.084063 -4.584311 29.546947
0.740000 -6.834088 -4.428881 29.083784
0.750000 -6.593567 -4.310525 28.610889
0.760000 -6.365263 -4.227141 28.132149
0.770000 -6.151451 -4.176458 27.651026
0.780000 -5.953951 -4.156160 27.170576
0.790000 -5.774172 -4.163982 26.693481
0.800000 -5.613153 -4.197783 26.222090
0.810000 -5.471616 -4.255602 25.758461
0.820000 -5.350015 -4.335694 25.304419
0.830000 -5.248583 -4.436552 24.861593
0.840000 -5.167380 -4.556908 24.431473
0.850000 -5.106333 -4.695738 24.015438
0.860000 -5.065273 -4.852246 23.614805
0.870000 -5.043971 -5.025846 23.230856
0.880000 -5.042158 -5.216141 22.864868
0.890000 -5.059556 -5.422901 22.518143
0.900000 -5.095891 -5.646030 22.192034
0.910000 -5.150905 -5.885537 21.887960
0.920000 -5.224368 -6.141507 21.607439
0.930000 -5.316082 -6.414063 21.352095
0.940000 -5.425880 -6.703331 21.123682
0.950000 -5.553625 -7.009398 20.924097
0.960000 -5.699203 -7.332273 20.755396
0.970000 -5.862510 -7.671835 20.619799
0.980000 -6.043442 -8.027781 20.519699
0.990000 -6.241876 -8.399571 20.457661
1.000000 -6.457645 -8.786359 20.436413
1.010000 -6.690517 -9.186925 20.458834
1.020000 -6.940158 -9.599599 20.527916
1.030000 -7.206102 -10.022178 20.646732
1.040000 -7.487710 -10.451839 20.818361
1.050000 -7.784122 -10.885061 21.045807
1.060000 -8.094216 -11.317533 21.331892
1.070000 -8.416548 -11.744089 21.679106
1.080000 -8.749302 -12.158649 22.089443
1.090000 -9.090237 -12.554195 22.564188
1.100000 -9.436632 -12.922782 23.103682
1.110000 -9.785247 -13.255602 23.707058
1.120000 -10.132282 -13.543120 24.371962
1.130000 -10.473366 -13.775292 25.094269
1.140000 -10.803558 -13.941867 25.867825
1.150000 -11.117390 -14.032799 26.684233
1.160000 -11.408931 -14.038750 27.532734
1.170000 -11.671913 -13.951673 28.400198
1.180000 -11.899889 -13.765445 29.271286
1.190000 -12.086445 -13.476509 30.128790
1.200000 -12.225451 -13.084449 30.954185
1.210000 -12.311351 -12.592442 31.728373
1.220000 -12.339460 -12.007504 32.432583
1.230000 -12.306265 -11.340472 33.049374
1.240000 -12.209685 -10.605679 33.563644
1.250000 -12.049285 -9.820318 33.963531
1.260000 -11.826388 -9.003552 34.241116
1.270000 -11.544105 -8.175418 34.392815
1.280000 -11.207236 -7.355670 34.419449
1.290000 -10.822080 -6.562671 34.325962
1.300000 -10.396139 -5.812443 34.120819
1.310000 -9.937770 -5.117990 33.815201
1.320000 -9.455791 -4.488909 33.422073
1.330000 -8.959104 -3.931320 32.955280
1.340000 -8.456326 -3.448058 32.428684
1.350000 -7.955499 -3.039073 31.855497
1.360000 -7.463856 -2.701959 31.247789
1.370000 -6.987667 -2.432529 30.616184
1.380000 -6.532153 -2.225393 29.969728
1.390000 -6.101477 -2.074474 29.315901
1.400000 -5.698776 -1.973439 28.660717
1.410000 -5.326242 -1.916052 28.008892
1.420000 -4.985223 -1.896418 27.364040
1.430000 -4.676343 -1.909158 26.728872
1.440000 -4.399624 -1.949509 26.105381
1.450000 -4.154613 -2.013370 25.495008
1.460000 -3.940489 -2.097309 24.898788
1.470000 -3.756171 -2.198539 24.317465
1.480000 -3.600407 -2.314875 23.751579
1.490000 -3.471854 -2.444687 23.201548
1.500000 -3.369138 -2.586836 22.667715
1.510000 -3.290907 -2.740619 22.150396
1.520000 -3.235878 -2.905718 21.649910
1.530000 -3.202863 -3.082142 21.166603
1.540000 -3.190790 -3.270185 20.700876
1.550000 -3.198730 -3.470383 20.253197
1.560000 -3.225895 -3.683478 19.824120
1.570000 -3.271654 -3.910389 19.414301
1.580000 -3.335527 -4.152179 19.024521
1.590000 -3.417192 -4.410037 18.655697
1.600000 -3.516477 -4.685249 18.308910
1.610000 -3.633354 -4.979182 17.985428
1.620000 -3.767937 -5.293255 17.686728
1.630000 -3.920469 -5.628920 17.414528
1.640000 -4.091314 -5.987631 17.170820
1.650000 -4.280945 -6.370810 16.957905
1.660000 -4.489932 -6.779808 16.778425
1.670000 -4.718919 -7.215851 16.635408
1.680000 -4.968612 -7.679978 16.532307
1.690000 -5.239749 -8.172964 16.473032
1.700000 -5.533071 -8.695219 16.461994
1.710000 -5.849286 -9.246673 16.504120
1.720000 -6.189024 -9.826632 16.604874
1.730000 -6.552785 -10.433614 16.770248
1.740000 -6.940868 -11.065139 17.006733
1.750000 -7.353295 -11.717516 17.321236
1.760000 -7.789717 -12.385582 17.720959
1.770000 -8.249304 -13.062434 18.213202
1.780000 -8.730617 -13.739153 18.805075
1.790000 -9.231470 -14.404535 19.503119
1.800000 -9.748776 -15.044877 20.312784
1.810000 -10.278386 -15.643838 21.237801
1.820000 -10.814931 -16.182444 22.279392
1.830000 -11.351682 -16.639299 23.435394
1.840000 -11.880444 -16.991066 24.699289
1.850000 -12.391506 -17.213295 26.059256
1.860000 -12.873685 -17.281649 27.497328
1.870000 -13.314481 -17.173544 28.988850
1.880000 -13.700387 -16.870148 30.502380
1.890000 -14.017363 -16.358610 32.000259
1.900000 -14.251488 -15.634294 33.439964
1.910000 -14.389769 -14.702675 34.776352
1.920000 -14.421060 -13.580546 35.964661
1.930000 -14.337008 -12.296152 36.964062
1.940000 -14.132923 -10.888012 37.741253
1.950000 -13.808432 -9.402408 38.273613
1.960000 -13.367829 -7.889759 38.551308
1.970000 -12.820023 -6.400380 38.577961
1.980000 -12.178059 -4.980279 38.369743
1.990000 -11.458281 -3.667643 37.953049
2.000000 -10.679216 -2.490519 37.361214
2.010000 -9.860347 -1.465909 36.630882
2.020000 -9.020903 -0.600215 35.798603
2.030000 -8.178834 0.109291 34.898117
2.040000 -7.350021 0.672384 33.958561
2.050000 -6.547781 1.103616 33.003578
2.060000 -5.782641 1.420203 32.051220
2.070000 -5.062357 1.640268 31.114395
2.080000 -4.392095 1.781528 30.201641
2.090000 -3.774732 1.860410 29.318016
2.100000 -3.211218 1.891558 28.465977
2.110000 -2.700941 1.887606 27.646141
2.120000 -2.242086 1.859172 26.857927
2.130000 -1.831960 1.814974 26.100031
2.140000 -1.467267 1.762018 25.370779
2.150000 -1.144338 1.705820 24.668371
2.160000 -0.859323 1.650637 23.991026
2.170000 -0.608327 1.599680 23.337080
2.180000 -0.387526 1.555318 22.705027
2.190000 -0.193242 1.519245 22.093531
2.200000 -0.021993 1.492639 21.501432
2.210000 0.129470 1.476283 20.927732
2.220000 0.264152 1.470677 20.371571
2.230000 0.384804 1.476121 19.832212
2.240000 0.493936 1.492790 19.309032
2.250000 0.593821 1.520790 18.801498
2.260000 0.686518 1.560204 18.309155
2.270000 0.773887 1.611132 17.831621
2.280000 0.857611 1.673712 17.368580
2.290000 0.939221 1.748151 16.919771
2.300000 1.020114 1.834738 16.484995
2.310000 1.101577 1.933857 16.064112
2.320000 1.184805 2.046001 15.657038
2.330000 1.270924 2.171781 15.263758
2.340000 1.361010 2.311931 14.884325
2.350000 1.456102 2.467318 14.518875
2.360000 1.557224 2.638943 14.167631
2.370000 1.665395 2.827955 13.830921
2.380000 1.781651 3.035647 13.509192
2.390000 1.907051 3.263466 13.203032
2.400000 2.042692 3.513017 12.913186
2.410000 2.189725 3.786064 12.640594
2.420000 2.349359 4.084532 12.386415
2.430000 2.522876 4.410506 12.152071
2.440000 2.711639 4.766224 11.939287
2.450000 2.917098 5.154071 11.750149
2.460000 3.140795 5.576554 11.587160
2.470000 3.384371 6.036283 11.453317
2.480000 3.649562 6.535921 11.352184
2.490000 3.938198 7.078134 11.287992
2.500000 4.252192 7.665505 11.265729
2.510000 4.593523 8.300424 11.291261
2.520000 4.964213 8.984940 11.371442
2.530000 5.366285 9.720568 11.514235
2.540000 5.801713 10.508036 11.728822
2.550000 6.272346 11.346963 12.025699
2.560000 6.779807 12.235456 12.416734
2.570000 7.325372 13.169618 12.915161
2.580000 7.909797 14.142942 13.535480
2.590000 8.533112 15.145627 14.293211
2.600000 9.194363 16.163786 15.204452
2.610000 9.891305 17.178617 16.285156
2.620000 10.620036 18.165583 17.550074
2.630000 11.374591 19.093712 19.011263
2.640000 12.146502 19.925207 20.676126
2.650000 12.924373 20.615549 22.544977
2.660000 13.693490 21.114422 24.608208
2.670000 14.435583 21.367733 26.843288
2.680000 15.128798 21.321033 29.212023
2.690000 15.748022 20.924459 31.658651
2.700000 16.265665 20.139050 34.109608
2.710000 16.653004 18.943892 36.475769
2.720000 16.882092 17.342983 38.657806
2.730000 16.928181 15.370293 40.554787
2.740000 16.772392 13.091293 42.075233
2.750000 16.404282 10.599627 43.148949
2.760000 15.823816 8.008554 43.737103
2.770000 15.042290 5.438259 43.838036
2.780000 14.081886 3.001473 43.487057
2.790000 12.973845 0.790589 42.750065
2.800000 11.755519 -1.130968 41.712631
2.810000 10.466870 -2.731649 40.467342
2.820000 9.147018 -4.009273 39.102295
2.830000 7.831389 -4.984709 37.692837
2.840000 6.549780 -5.693945 36.297321
2.850000 5.325408 -6.180462 34.956451
2.860000 4.174820 -6.489117 33.695145
2.870000 3.108427 -6.661988 32.525696
2.880000 2.131385 -6.736046 31.451260
2.890000 1.244642 -6.742246 30.468987
2.900000 0.445953 -6.705553 29.572563
2.910000 -0.269197 -6.645510 28.754057
2.920000 -0.906829 -6.577025 28.005171
2.930000 -1.473848 -6.511208 27.318008
2.940000 -1.977584 -6.456148 26.685493
2.950000 -2.425441 -6.417582 26.101555
2.960000 -2.824655 -6.399451 25.561167
2.970000 -3.182134 -6.404346 25.060297
2.980000 -3.504355 -6.433847 24.595816
2.990000 -3.797305 -6.488804 24.165392
3.000000 -4.066454 -6.569528 23.767380
3.010000 -4.316761 -6.675950 23.400728
3.020000 -4.552680 -6.807730 23.064894
3.030000 -4.778185 -6.964333 22.759764
3.040000 -4.996800 -7.145077 22.485605
3.050000 -5.211627 -7.349170 22.243013
3.060000 -5.425382 -7.575711 22.032877
3.070000 -5.640415 -7.823693 21.856344
3.080000 -5.858743 -8.091984 21.714796
3.090000 -6.082067 -8.379298 21.609823
3.100000 -6.311790 -8.684160 21.543196
3.110000 -6.549027 -9.004859 21.516836
3.120000 -6.794610 -9.339395 21.532784
3.130000 -7.049088 -9.685423 21.593151
3.140000 -7.312722 -10.040194 21.700068
3.150000 -7.585469 -10.400488 21.855610
3.160000 -7.866971 -10.762564 22.061718
3.170000 -8.156529 -11.122101 22.320093
3.180000 -8.453087 -11.474163 22.632067
3.190000 -8.755195 -11.813177 22.998465
3.200000 -9.060993 -12.132939 23.419437
3.210000 -9.368188 -12.426655 23.894283
3.220000 -9.674034 -12.687019 24.421253
3.230000 -9.975332 -12.906359 24.997366
3.240000 -10.268435 -13.076818 25.618221
3.250000 -10.549273 -13.190620 26.277853
3.260000 -10.813407 -13.240388 26.968624
3.270000 -11.056105 -13.219511 27.681196
3.280000 -11.272446 -13.122563 28.404593
3.290000 -11.457458 -12.945730 29.126369
3.300000 -11.606285 -12.687220 29.832916
3.310000 -11.714378 -12.347614 30.509886
3.320000 -11.777702 -11.930120 31.142735
3.330000 -11.792944 -11.440678 31.717354
3.340000 -11.757717 -10.887885 32.220749
3.350000 -11.670734 -10.282743 32.641693
3.360000 -11.531935 -9.638195 32.971317
3.370000 -11.342561 -8.968524 33.203552
3.380000 -11.105157 -8.288623 33.335384
3.390000 -10.823503 -7.613234 33.366905
3.400000 -10.502477 -6.956214 33.301140
3.410000 -10.147850 -6.329901 33.143684
3.420000 -9.766055 -5.744629 32.902199
3.430000 -9.363913 -5.208431 32.585831
3.440000 -8.948364 -4.726934 32.204586
3.450000 -8.526221 -4.303423 31.768780
3.460000 -8.103942 -3.939054 31.288530
3.470000 -7.687453 -3.633163 30.773388
3.480000 -7.282024 -3.383629 30.232061
3.490000 -6.892185 -3.187253 29.672268
3.500000 -6.521692 -3.040125 29.100677
3.510000 -6.173535 -2.937941 28.522926
3.520000 -5.849976 -2.876278 27.943689
3.530000 -5.552606 -2.850810 27.366785
3.540000 -5.282426 -2.857461 26.795298
3.550000 -5.039930 -2.892524 26.231699
3.560000 -4.825189 -2.952720 25.677967
3.570000 -4.637942 -3.035235 25.135695
3.580000 -4.477672 -3.137728 24.606180
3.590000 -4.343677 -3.258315 24.090511
3.600000 -4.235141 -3.395547 23.589628
3.610000 -4.151181 -3.548377 23.104378
3.620000 -4.090901 -3.716120 22.635559
3.630000 -4.053423 -3.898412 22.183966
3.640000 -4.037922 -4.095177 21.750412
3.650000 -4.043647 -4.306579 21.335760
3.660000 -4.069941 -4.532991 20.940948
3.670000 -4.116246 -4.774961 20.567013
3.680000 -4.182117 -5.033171 20.215107
3.690000 -4.267223 -5.308413 19.886530
3.700000 -4.371342 -5.601548 19.582743
3.710000 -4.494362 -5.913480 19.305399
3.720000 -4.636274 -6.245112 19.056360
3.730000 -4.797158 -6.597312 18.837730
3.740000 -4.977174 -6.970868 18.651875
3.750000 -5.176543 -7.366432 18.501442
3.760000 -5.395532 -7.784464 18.389397
3.770000 -5.634425 -8.225163 18.319025
3.780000 -5.893499 -8.688378 18.293957
3.790000 -6.172987 -9.173520 18.318167
3.800000 -6.473040 -9.679443 18.395962
3.810000 -6.793680 -10.204322 18.531956
3.820000 -7.134744 -10.745507 18.731018
3.830000 -7.495821 -11.299370 18.998188
3.840000 -7.876175 -11.861135 19.338549
3.850000 -8.274672 -12.424715 19.757057
3.860000 -8.689676 -12.982544 20.258307
3.870000 -9.118963 -13.525447 20.846226
3.880000 -9.559611 -14.042542 21.523706
3.890000 -10.007904 -14.521226 22.292152
3.900000 -10.459236 -14.947249 23.150965
3.910000 -10.908037 -15.304949 24.096973
3.920000 -11.347729 -15.577642 25.123856
3.930000 -11.770720 -15.748243 26.221594
3.940000 -12.168472 -15.800092 27.376032
3.950000 -12.531634 -15.718019 28.568634
3.960000 -12.850273 -15.489579 29.776527
3.970000 -13.114203 -15.106395 30.972939
3.980000 -13.313422 -14.565454 32.128075
3.990000 -13.438625 -13.870211 33.210484
4.000000 -13.481784 -13.031291 34.188835
4.010000 -13.436734 -12.066613 35.033981
4.020000 -13.299722 -11.000810 35.721100
4.030000 -13.069831 -9.863916 36.231613
4.040000 -12.749240 -8.689420 36.554634
4.050000 -12.343258 -7.511875 36.687679
4.060000 -11.860120 -6.364413 36.636551
4.070000 -11.310549 -5.276464 36.414402
4.080000 -10.707140 -4.271984 36.040146
4.090000 -10.063624 -3.368395 35.536480
4.100000 -9.394101 -2.576268 34.927822
4.110000 -8.712317 -1.899698 34.238430
4.120000 -8.031055 -1.337190 33.490913
4.130000 -7.361669 -0.882839 32.705212
4.140000 -6.713786 -0.527629 31.898064
4.150000 -6.095170 -0.260645 31.082870
4.160000 -5.511718 -0.070132 30.269880
4.170000 -4.967559 0.055678 29.466549
4.180000 -4.465236 0.127973 28.678007
4.190000 -4.005915 0.156968 27.907545
4.200000 -3.589626 0.151695 27.157055
4.210000 -3.215494 0.119919 26.427422
4.220000 -2.881953 0.068154 25.718834
4.230000 -2.586942 0.001730 25.031033
4.240000 -2.328075 -0.075093 24.363493
4.250000 -2.102777 -0.159002 23.715548
4.260000 -1.908399 -0.247505 23.086475
4.270000 -1.742310 -0.338799 22.475559
4.280000 -1.601959 -0.431664 21.882113
4.290000 -1.484929 -0.525354 21.305504
4.300000 -1.388972 -0.619509 20.745157
4.310000 -1.312025 -0.714081 20.200558
4.320000 -1.252231 -0.809271 19.671244
4.330000 -1.207935 -0.905474 19.156811
4.340000 -1.177689 -1.003239 18.656898
4.350000 -1.160244 -1.103239 18.171196
4.360000 -1.154543 -1.206245 17.699430
4.370000 -1.159714 -1.313107 17.241371
4.380000 -1.175053 -1.424745 16.796829
4.390000 -1.200022 -1.542141 16.365654
4.400000 -1.234234 -1.666334 15.947742
4.410000 -1.277444 -1.798424 15.543036
4.420000 -1.329542 -1.939570 15.151528
4.430000 -1.390545 -2.091000 14.773274
4.440000 -1.460590 -2.254014 14.408396
4.450000 -1.539933 -2.429991 14.057094
4.460000 -1.628939 -2.620403 13.719658
4.470000 -1.728085 -2.826817 13.396484
4.480000 -1.837958 -3.050910 13.088094
4.490000 -1.959253 -3.294475 12.795152
4.500000 -2.092776 -3.559432 12.518495
4.510000 -2.239441 -3.847831 12.259159
4.520000 -2.400280 -4.161860 12.018417
4.530000 -2.576438 -4.503844 11.797822
4.540000 -2.769179 -4.876245 11.599252
4.550000 -2.979885 -5.281648 11.424970
4.560000 -3.210061 -5.722749 11.277691
4.570000 -3.461330 -6.202318 11.160656
4.580000 -3.735429 -6.723160 11.077721
4.590000 -4.034202 -7.288048 11.033453
4.600000 -4.359587 -7.899632 11.033242
4.610000 -4.713591 -8.560316 11.083413
4.620000 -5.098264 -9.272092 11.191354
4.630000 -5.515646 -10.036320 11.365633
4.640000 -5.967714 -10.853450 11.616117
4.650000 -6.456287 -11.722658 11.954057
4.660000 -6.982924 -12.641404 12.392130
4.670000 -7.548772 -13.604876 12.944412
4.680000 -8.154383 -14.605339 13.626228
4.690000 -8.799479 -15.631378 14.453837
4.700000 -9.482669 -16.667055 15.443881
4.710000 -10.201107 -17.691040 16.612526
4.720000 -10.950100 -18.675777 17.974207
4.730000 -11.722668 -19.586855 19.539911
4.740000 -12.509087 -20.382734 21.314949
4.750000 -13.296452 -21.015146 23.296244
4.760000 -14.068321 -21.430428 25.469278
4.770000 -14.804532 -21.572153 27.804998
4.780000 -15.481294 -21.385300 30.257187
4.790000 -16.071693 -20.822004 32.761047
4.800000 -16.546724 -19.848604 35.233868
4.810000 -16.876913 -18.453150 37.578590
4.820000 -17.034536 -16.652048 39.690815
4.830000 -16.996288 -14.494051 41.468990
4.840000 -16.746065 -12.059882 42.826599
4.850000 -16.277447 -9.456411 43.704109
4.860000 -15.595344 -6.805619 44.077927
4.870000 -14.716372 -4.230155 43.963875
4.880000 -13.667749 -1.838550 43.414028
4.890000 -12.484830 0.286586 42.507607
4.900000 -11.207688 2.094970 41.338287
4.910000 -9.877422 3.568933 40.001133
4.920000 -8.532786 4.718647 38.581917
4.930000 -7.207643 5.574393 37.150433
4.940000 -5.929440 6.178179 35.757973
4.950000 -4.718678 6.576402 34.438095
4.960000 -3.589170 6.814431 33.209427
4.970000 -2.548810 6.933261 32.079258
4.980000 -1.600602 6.967901 31.047094
4.990000 -0.743752 6.946994 30.107643
5.000000 0.025323 6.893200 29.253103
5.010000 0.712110 6.823951 28.474766
5.020000 1.323294 6.752330 27.764032
5.030000 1.866198 6.687930 27.113010
5.040000 2.348371 6.637603 26.514807
5.050000 2.777294 6.606105 25.963619
5.060000 3.160175 6.596601 25.454727
5.070000 3.503818 6.611070 24.984398
5.080000 3.814543 6.650620 24.549786
5.090000 4.098151 6.715724 24.148815
5.100000 4.359908 6.806394 23.780066
5.110000 4.604557 6.922315 23.442682
5.120000 4.836332 7.062936 23.136286
5.130000 5.058993 7.227532 22.860905
5.140000 5.275847 7.415244 22.616920
5.150000 5.489787 7.625094 22.405018
5.160000 5.703317 7.855996 22.226151
5.170000 5.918585 8.106737 22.081505
5.180000 6.137400 8.375961 21.972467
5.190000 6.361256 8.662135 21.900600
5.200000 6.591344 8.963512 21.867603
5.210000 6.828561 9.278085 21.875282
5.220000 7.073513 9.603534 21.925501
5.230000 7.326515 9.937179 22.020126
5.240000 7.587582 10.275923 22.160971
5.250000 7.856416 10.616204 22.349705
5.260000 8.132395 10.953953 22.587765
5.270000 8.414551 11.284557 22.876242
5.280000 8.701551 11.602853 23.215754
5.290000 8.991682 11.903128 23.606295
5.300000 9.282826 12.179165 24.047085
5.310000 9.572460 12.424315 24.536400
5.320000 9.857646 12.631624 25.071407
5.330000 10.135044 12.793999 25.648016
5.340000 10.400940 12.904433 26.260746
5.350000 10.651289 12.956287 26.902641
5.360000 10.881789 12.943607 27.565248
5.370000 11.087971 12.861480 28.238670
5.380000 11.265322 12.706401 28.911715
5.390000 11.409430 12.476629 29.572151
5.400000 11.516150 12.172489 30.207071
5.410000 11.581783 11.796595 30.803350
5.420000 11.603265 11.353951 31.348183
5.430000 11.578333 10.851912 31.829659
5.440000 11.505691 10.299983 32.237335
5.450000 11.385119 9.709449 32.562756
5.460000 11.217552 9.092879 32.799847
5.470000 11.005085 8.463525 32.945183
5.480000 10.750929 7.834668 32.998062
5.490000 10.459303 7.218984 32.960411
5.500000 10.135271 6.627969 32.836521
5.510000 9.784541 6.071495 32.632641
5.520000 9.413237 5.557498 32.356503
5.530000 9.027662 5.091835 32.016800
5.540000 8.634080 4.678293 31.622690
5.550000 8.238502 4.318724 31.183346
5.560000 7.846524 4.013277 30.707586
5.570000 7.463199 3.760693 30.203619
5.580000 7.092948 3.558625 29.678856
5.590000 6.739516 3.403959 29.139830
5.600000 6.405961 3.293100 28.592176
5.610000 6.094675 3.222234 28.040672
5.620000 5.807431 3.187533 27.489305
5.630000 5.545441 3.185316 26.941370
5.640000 5.309429 3.212169 26.399572
5.650000 5.099703 3.265021 25.866131
5.660000 4.916234 3.341192 25.342873
5.670000 4.758730 3.438410 24.831322
5.680000 4.626698 3.554815 24.332777
5.690000 4.519510 3.688938 23.848373
5.700000 4.436453 3.839682 23.379137
5.710000 4.376776 4.006288 22.926039
5.720000 4.339727 4.188301 22.490023
5.730000 4.324584 4.385536 22.072048
5.740000 4.330679 4.598040 21.673115
5.750000 4.357415 4.826056 21.294291
5.760000 4.404279 5.069992 20.936733
5.770000 4.470850 5.330378 20.601717
5.780000 4.556803 5.607840 20.290651
5.790000 4.661907 5.903061 20.005104
5.800000 4.786022 6.216745 19.746830
5.810000 4.929094 6.549576 19.517782
5.820000 5.091143 6.902177 19.320143
5.830000 5.272246 7.275059 19.156338
5.840000 5.472527 7.668568 19.029060
5.850000 5.692131 8.082820 18.941282
5.860000 5.931200 8.517626 18.896265
5.870000 6.189843 8.972410 18.897562
5.880000 6.468100 9.446113 18.949005
5.890000 6.765901 9.937078 19.054682
5.900000 7.083019 10.442939 19.218889
5.910000 7.419011 10.960477 19.446060
5.920000 7.773157 11.485490 19.740658
5.930000 8.144390 12.012647 20.107025
5.940000 8.531216 12.535355 20.549194
5.950000 8.931629 13.045646 21.070633
5.960000 9.343031 13.534095 21.673937
5.970000 9.762137 13.989799 22.360458
5.980000 10.184903 14.400441 23.129883
5.990000 10.606457 14.752454 23.979755
6.000000 11.021056 15.031335 24.905006
6.010000 11.422084 15.222122 25.897484
6.020000 11.802088 15.310052 26.945566
6.030000 12.152884 15.281397 28.033922
6.040000 12.465735 15.124460 29.143480
6.050000 12.731607 14.830672 30.251696
6.060000 12.941514 14.395688 31.333166
6.070000 13.086931 13.820369 32.360634
6.080000 13.160275 13.111492 33.306343
6.090000 13.155396 12.282048 34.143681
6.100000 13.068062 11.351002 34.848934
6.110000 12.896356 10.342468 35.402985
6.120000 12.640966 9.284328 35.792706
6.130000 12.305303 8.206412 36.011860
6.140000 11.895413 7.138464 36.061367
6.150000 11.419719 6.108147 35.948879
6.160000 10.888561 5.139326 35.687775
6.170000 10.313638 4.250844 35.295696
6.180000 9.707358 3.455884 34.792892
6.190000 9.082211 2.761915 34.200558
6.200000 8.450181 2.171148 33.539383
6.210000 7.822278 1.681348 32.828465
6.220000 7.208185 1.286839 32.084557
6.230000 6.616050 0.979548 31.321726
6.240000 6.052400 0.749986 30.551287
6.250000 5.522159 0.588072 29.781977
6.260000 5.028750 0.483788 29.020264
6.270000 4.574254 0.427643 28.270718
6.280000 4.159593 0.410983 27.536392
6.290000 3.784732 0.426158 26.819183
6.300000 3.448874 0.466587 26.120132
6.310000 3.150645 0.526755 25.439686
6.320000 2.888257 0.602154 24.777889
6.330000 2.659646 0.689196 24.134537
6.340000 2.462601 0.785111 23.509279
6.350000 2.294852 0.887849 22.901699
6.360000 2.154152 0.995969 22.311361
6.370000 2.038334 1.108551 21.737846
6.380000 1.945355 1.225109 21.180765
6.390000 1.873331 1.345516 20.639776
6.400000 1.820549 1.469942 20.114588
6.410000 1.785489 1.598801 19.604959
6.420000 1.766820 1.732705 19.110706
6.430000 1.763408 1.872436 18.631701
6.440000 1.774311 2.018913 18.167873
6.450000 1.798771 2.173176 17.719217
6.460000 1.836212 2.336372 17.285795
6.470000 1.886228 2.509744 16.867741
6.480000 1.948580 2.694627 16.465273
6.490000 2.023184 2.892444 16.078705
6.500000 2.110110 3.104709 15.708458
6.510000 2.209570 3.333027 15.355078
6.520000 2.321916 3.579095 15.019254
6.530000 2.447634 3.844706 14.701843
6.540000 2.587341 4.131749 14.403898
6.550000 2.741782 4.442209 14.126697
6.560000 2.911825 4.778163 13.871780
6.570000 3.098459 5.141770 13.640998
6.580000 3.302790 5.535260 13.436553
6.590000 3.526037 5.960907 13.261063
6.600000 3.769524 6.420999 13.117618
6.610000 4.034671 6.917784 13.009855
6.620000 4.322982 7.453409 12.942035
6.630000 4.636025 8.029828 12.919123
6.640000 4.975405 8.648683 12.946877
6.650000 5.342733 9.311150 13.031934
6.660000 5.739574 10.017742 13.181885
6.670000 6.167391 10.768062 13.405343
6.680000 6.627458 11.560491 13.711975
6.690000 7.120761 12.391818 14.112489
6.700000 7.647867 13.256797 14.618547
6.710000 8.208760 14.147625 15.242581
6.720000 8.802647 15.053374 15.997457
6.730000 9.427719 15.959382 16.895952
6.740000 10.080885 16.846647 17.949999
6.750000 10.757462 17.691309 19.169622
6.760000 11.450847 18.464321 20.561567
6.770000 12.152194 19.131441 22.127579
6.780000 12.850119 19.653755 23.862398
6.790000 13.530482 19.988905 25.751598
6.800000 14.176325 20.093235 27.769484
6.810000 14.768016 19.924982 29.877445
6.820000 15.283712 19.448471 32.023235
6.830000 15.700189 18.639086 34.141731
6.840000 15.994079 17.488432 36.157654
6.850000 16.143515 16.008806 37.990562
6.860000 16.130043 14.235890 39.561863
6.870000 15.940628 12.228598 40.803135
6.880000 15.569425 10.065412 41.664364
6.890000 15.019023 7.837295 42.120438
6.900000 14.300850 5.638170 42.174309
6.910000 13.434582 3.554741 41.855965
6.920000 12.446598 1.657703 41.217369
6.930000 11.367708 -0.003987 40.324566
6.940000 10.230538 -1.404968 39.248791
6.950000 9.066988 -2.541730 38.058418
6.960000 7.906116 -3.428308 36.813068
6.970000 6.772674 -4.090796 35.560341
6.980000 5.686327 -4.561926 34.335007
6.990000 4.661502 -4.876536 33.160000
7.000000 3.707698 -5.068304 32.048412
7.010000 2.830098 -5.167724 31.005869
7.020000 2.030316 -5.201116 30.032793
7.030000 1.307173 -5.190377 29.126318
7.040000 0.657418 -5.153196 28.281769
7.050000 0.076356 -5.103517 27.493710
7.060000 -0.441631 -5.052095 26.756647
7.070000 -0.902677 -5.007065 26.065447
7.080000 -1.313116 -4.974457 25.415565
7.090000 -1.679250 -4.958649 24.803137
7.100000 -2.007190 -4.962746 24.224987
7.110000 -2.302745 -4.988890 23.678598
7.120000 -2.571360 -5.038512 23.162050
7.130000 -2.818075 -5.112528 22.673954
7.140000 -3.047520 -5.211494 22.213388
7.150000 -3.263918 -5.335728 21.779852
7.160000 -3.471099 -5.485391 21.373209
7.170000 -3.672528 -5.660560 20.993660
7.180000 -3.871331 -5.861264 20.641714
7.190000 -4.070324 -6.087515 20.318176
7.200000 -4.272043 -6.339315 20.024139
7.210000 -4.478770 -6.616654 19.760981
7.220000 -4.692559 -6.919494 19.530365
7.230000 -4.915252 -7.247742 19.334255
7.240000 -5.148501 -7.601208 19.174919
7.250000 -5.393772 -7.979555 19.054935
7.260000 -5.652350 -8.382236 18.977201
7.270000 -5.925338 -8.808414 18.944935
7.280000 -6.213646 -9.256872 18.961664
7.290000 -6.517969 -9.725914 19.031208
7.300000 -6.838763 -10.213238 19.157640
7.310000 -7.176211 -10.715814 19.345228
7.320000 -7.530171 -11.229740 19.598345
7.330000 -7.900128 -11.750102 19.921341
7.340000 -8.285126 -12.270825 20.318378
7.350000 -8.683696 -12.784549 20.793207
7.360000 -9.093781 -13.282519 21.348892
7.370000 -9.512655 -13.754531 21.987471
7.380000 -9.936843 -14.188937 22.709558
7.390000 -10.362052 -14.572751 23.513903
7.400000 -10.783122 -14.891875 24.396900
7.410000 -11.193997 -15.131483 25.352125
7.420000 -11.587746 -15.276571 26.369884
7.430000 -11.956628 -15.312699 27.436897
7.440000 -12.292235 -15.226900 28.536129
7.450000 -12.585702 -15.008729 29.646891
7.460000 -12.828005 -14.651369 30.745260
7.470000 -13.010342 -14.152693 31.804863
7.480000 -13.124577 -13.516140 32.798046
7.490000 -13.163733 -12.751255 33.697365
7.500000 -13.122485 -11.873756 34.477310
7.510000 -12.997612 -10.905035 35.116047
7.520000 -12.788354 -9.871069 35.597012
7.530000 -12.496626 -8.800825 35.910103
7.540000 -12.127046 -7.724321 36.052303
7.550000 -11.686773 -6.670571 36.027637
7.560000 -11.185153 -5.665694 35.846474
7.570000 -10.633207 -4.731397 35.524284
7.580000 -10.043026 -3.884010 35.080067
7.590000 -9.427124 -3.134117 34.534668
7.600000 -8.797823 -2.486744 33.909199
7.610000 -8.166715 -1.941996 33.223732
7.620000 -7.544243 -1.495969 32.496361
7.630000 -6.939415 -1.141793 31.742649
7.640000 -6.359653 -0.870657 30.975410
7.650000 -5.810753 -0.672725 30.204769
7.660000 -5.296950 -0.537884 29.438398
7.670000 -4.821043 -0.456313 28.681866
7.680000 -4.384571 -0.418877 27.939014
7.690000 -3.988001 -0.417362 27.212339
7.700000 -3.630938 -0.444601 26.503321
7.710000 -3.312304 -0.494498 25.812708
7.720000 -3.030524 -0.562003 25.140747
7.730000 -2.783671 -0.643033 24.487358
7.740000 -2.569607 -0.734383 23.852261
7.750000 -2.386085 -0.833620 23.235071
7.760000 -2.230839 -0.938979 22.635359
7.770000 -2.101653 -1.049266 22.052696
7.780000 -1.996414 -1.163765 21.486675
7.790000 -1.913149 -1.282160 20.936930
7.800000 -1.850050 -1.404466 20.403141
7.810000 -1.805492 -1.530967 19.885040
7.820000 -1.778039 -1.662172 19.382414
7.830000 -1.766453 -1.798774 18.895103
7.840000 -1.769685 -1.941620 18.423008
7.850000 -1.786878 -2.091686 17.966087
7.860000 -1.817359 -2.250063 17.524366
7.870000 -1.860630 -2.417943 17.097940
7.880000 -1.916361 -2.596610 16.686983
7.890000 -1.984386 -2.787442 16.291758
7.900000 -2.064692 -2.991905 15.912623
7.910000 -2.157413 -3.211553 15.550060
7.920000 -2.262827 -3.448034 15.204678
7.930000 -2.381347 -3.703089 14.877242
7.940000 -2.513522 -3.978557 14.568699
7.950000 -2.660025 -4.276370 14.280202
7.960000 -2.821660 -4.598557 14.013148
7.970000 -2.999349 -4.947232 13.769219
7.980000 -3.194138 -5.324591 13.550425
7.990000 -3.407183 -5.732884 13.359154
8.000000 -3.639753 -6.174396 13.198239
8.010000 -3.893217 -6.651399 13.071018
8.020000 -4.169035 -7.166103 12.981411
8.030000 -4.468742 -7.720572 12.933997
8.040000 -4.793925 -8.316628 12.934103
8.050000 -5.146195 -8.955709 12.987886
8.059999 -5.527147 -9.638705 13.102421
8.070000 -5.938303 -10.365729 13.285768
8.080000 -6.381045 -11.135848 13.547029
8.090000 -6.856525 -11.946740 13.896358
8.099999 -7.365547 -12.794292 14.344919
8.110000 -7.908422 -13.672121 14.904757
8.120000 -8.484792 -14.571027 15.588546
8.130000 -9.093415 -15.478402 16.409172
8.139999 -9.731914 -16.377621 17.379108
8.150000 -10.396484 -17.247461 18.509521
8.160000 -11.081582 -18.061663 19.809063
8.170000 -11.779590 -18.788731 21.282339
8.179999 -12.480504 -19.392157 22.928045
8.190000 -13.171669 -19.831240 24.736868
8.200000 -13.837626 -20.062737 26.689322
8.210000 -14.460137 -20.043476 28.753813
8.220000 -15.018471 -19.734039 30.885357
8.230000 -15.490027 -19.103363 33.025497
8.240000 -15.851361 -18.133879 35.103931
8.250000 -16.079613 -16.826469 37.042294
8.260000 -16.154299 -15.204239 38.760128
8.270000 -16.059292 -13.313973 40.182663
8.280000 -15.784760 -11.224384 41.249252
8.290000 -15.328722 -9.020778 41.921013
8.300000 -14.697927 -6.796657 42.185886
8.309999 -13.907801 -4.643659 42.059895
8.320000 -12.981386 -2.641800 41.584126
8.330000 -11.947428 -0.851974 40.818157
8.340000 -10.837883 0.687986 39.831459
8.349999 -9.685296 1.963385 38.694721
8.360000 -8.520428 2.979567 37.472702
8.370000 -7.370428 3.756886 36.219559
8.380000 -6.257697 4.325134 34.976803
8.389999 -5.199413 4.718470 33.773434
8.400000 -4.207625 4.971469 32.627476
8.410000 -3.289716 5.116462 31.548227
8.420000 -2.449098 5.182024 30.538624
8.429999 -1.685986 5.192377 29.597347
8.440000 -0.998149 5.167384 28.720541
8.450000 -0.381596 5.122902 27.903080
8.460000 0.168854 5.071303 27.139448
8.470000 0.659099 5.022043 26.424292
8.480000 1.095393 4.982208 25.752743
8.490000 1.484074 4.957002 25.120577
8.500000 1.831367 4.950165 24.524260
8.510000 2.143247 4.964317 23.960934
8.520000 2.425354 5.001241 23.428371
8.530000 2.682943 5.062107 22.924911
8.540000 2.920859 5.147647 22.449392
8.550000 3.143538 5.258296 22.001097
8.559999 3.355014 5.394291 21.579697
8.570000 3.558942 5.555750 21.185217
8.580000 3.758622 5.742727 20.818003
8.590000 3.957033 5.955244 20.478703
8.599999 4.156854 6.193311 20.168255
8.610000 4.360500 6.456933 19.887880
8.620000 4.570143 6.746092 19.639091
8.630000 4.787738 7.060737 19.423687
8.639999 5.015038 7.400741 19.243771
8.650000 5.253608 7.765862 19.101753
8.660000 5.504834 8.155682 19.000360
8.670000 5.769918 8.569540 18.942640
8.679999 6.049881 9.006447 18.931957
8.690000 6.345537 9.464988 18.971983
8.700000 6.657482 9.943214 19.066668
8.710000 6.986055 10.438518 19.220190
8.720000 7.331302 10.947495 19.436892
8.730000 7.692921 11.465807 19.721169
8.740000 8.070210 11.988033 20.077326
8.750000 8.461992 12.507529 20.509390
8.760000 8.866546 13.016309 21.020859
8.770000 9.281522 13.504954 21.614399
8.780000 9.703865 13.962585 22.291479
8.790000 10.129737 14.376906 23.051949
8.800000 10.554454 14.734362 23.893572
8.809999 10.972445 15.020429 24.811541
8.820000 11.377243 15.220077 25.798006
8.830000 11.761526 15.318402 26.841682
8.840000 12.117214 15.301455 27.927582
8.849999 12.435638 15.157215 29.036955
8.860000 12.707796 14.876691 30.147532
8.870000 12.924685 14.455020 31.234097
8.880000 13.077719 13.892473 32.269451
8.889999 13.159194 13.195202 33.225750
8.900000 13.162795 12.375584 34.076111
8.910000 13.084074 11.452042 34.796387
8.920000 12.920871 10.448277 35.366875
8.929999 12.673612 9.391930 35.773766
8.940000 12.345444 8.312794 36.010094
8.950000 11.942179 7.240784 36.076073
8.960000 11.472039 6.203918 35.978752
8.970000 10.945227 5.226553 35.731033
8.980000 10.373360 4.328108 35.350262
8.990000 9.768834 3.522358 34.856556
9.000000 9.144187 2.817329 34.271141
9.010000 8.511501 2.215711 33.614864
9.020000 7.881922 1.715644 32.907059
9.030000 7.265295 1.311717 32.164761
9.040000 6.669937 0.996018 31.402332
9.050000 6.102545 0.759124 30.631369
9.059999 5.568203 0.590953 29.860857
9.070000 5.070478 0.481427 29.097471
9.080000 4.611573 0.420966 28.345949
9.090000 4.192512 0.400802 27.609470
9.099999 3.813341 0.413167 26.890020
9.110000 3.473324 0.451363 26.188707
9.120000 3.171128 0.509761 25.506018
9.130000 2.904991 0.583751 24.842022
9.139999 2.672867 0.669653 24.196526
9.150000 2.472546 0.764618 23.569183
9.160000 2.301753 0.866526 22.959576
9.170000 2.158230 0.973879 22.367266
9.179999 2.039795 1.085707 21.791822
9.190000 1.944386 1.201484 21.232853
9.200000 1.870096 1.321049 20.690004
9.210000 1.815191 1.444542 20.162975
9.220000 1.778126 1.572354 19.651516
9.230000 1.757549 1.705077 19.155434
9.240000 1.752302 1.843474 18.674589
9.250000 1.761419 1.988448 18.208902
9.260000 1.784122 2.141026 17.758356
9.270000 1.819812 2.302339 17.322998
9.280000 1.868065 2.473617 16.902948
9.290000 1.928620 2.656181 16.498411
9.300000 2.001376 2.851441 16.109680
9.309999 2.086383 3.060897 15.737156
9.320000 2.183834 3.286138 15.381360
9.330000 2.294065 3.528847 15.042953
9.340000 2.417543 3.790801 14.722761
9.349999 2.554869 4.073876 14.421798
9.360000 2.706769 4.380043 14.141298
9.370000 2.874097 4.711365 13.882754
9.380000 3.057824 5.069995 13.647956
9.389999 3.259041 5.458155 13.439041
9.400000 3.478952 5.878121 13.258550
9.410000 3.718869 6.332188 13.109485
9.420000 3.980201 6.822625 12.995384
9.429999 4.264443 7.351613 12.920394
9.440000 4.573160 7.921158 12.889355
9.450000 4.907960 8.532980 12.907886
9.460000 5.270462 9.188365 12.982471
9.469999 5.662252 9.887975 13.120541
9.480000 6.084825 10.631607 13.330542
9.490000 6.539503 11.417902 13.621975
9.500000 7.027342 12.243975 14.005396
9.510000 7.549006 13.104983 14.492344
9.520000 8.104603 13.993628 15.095177
9.530000 8.693505 14.899576 15.826766
9.540000 9.314113 15.808861 16.700014
9.550000 9.963588 16.703266 17.727135
9.559999 10.637555 17.559780 18.918655
9.570000 11.329778 18.350216 20.282089
9.580000 12.031821 19.041136 21.820272
9.590000 12.732753 19.594257 23.529392
9.599999 13.418903 19.967546 25.396830
9.610000 14.073768 20.117188 27.399006
9.620000 14.678109 20.000599 29.499611
9.630000 15.210358 19.580479 31.648663
9.639999 15.647369 18.829699 33.782959
9.650000 15.965602 17.736521 35.828430
9.660000 16.142694 16.309299 37.704746
9.670000 16.159355 14.579599 39.332047
9.679999 16.001379 12.602617 40.639160
9.690000 15.661503 10.454151 41.572041
9.700000 15.140768 8.224024 42.100727
9.710000 14.449094 6.006825 42.223221
9.719999 13.604867 3.891631 41.965199
9.730000 12.633543 1.952768 41.375576
9.740000 11.565466 0.243431 40.518929
9.750000 10.433263 -1.206876 39.466576
9.760000 9.269249 -2.391145 38.288216
9.770000 8.103209 -3.320873 37.045555
9.780000 6.960801 -4.020645 35.788574
9.790000 5.862657 -4.522586 34.554340
9.800000 4.824132 -4.861619 33.367748
9.809999 3.855557 -5.071949 32.243408
9.820000 2.962807 -5.184837 31.188030
9.830000 2.148042 -5.227444 30.202732
9.840000 1.410494 -5.222485 29.285038
9.849999 0.747196 -5.188385 28.430439
9.860000 0.153638 -5.139718 27.633526
9.870000 -0.375698 -5.087758 26.888735
9.880000 -0.846904 -5.041056 26.190815
9.889999 -1.266319 -5.005967 25.535086
9.900000 -1.640284 -4.987121 24.917542
9.910000 -1.974968 -4.987811 24.334875
9.920000 -2.276252 -5.010318 23.784452
9.929999 -2.549659 -5.056171 23.264248
9.940000 -2.800310 -5.126355 22.772781
9.950000 -3.032914 -5.221469 22.309061
9.960000 -3.251770 -5.341856 21.872515
9.969999 -3.460778 -5.487689 21.462952
9.980000 -3.663470 -5.659045 21.080523
9.990000 -3.863027 -5.855947 20.725693
