0.000000 1.000000 2.000000 3.000000
0.010000 1.100000 2.230000 2.819999
0.020000 1.213000 2.484680 2.656528
0.030000 1.340168 2.767250 2.509564
0.040000 1.482876 3.081192 2.379345
0.050000 1.642708 3.430302 2.266412
0.060000 1.821467 3.818727 2.171667
0.070000 2.021193 4.250994 2.096445
0.080000 2.244173 4.732045 2.042602
0.090000 2.492960 5.267254 2.012623
0.100000 2.770390 5.862436 2.009758
0.110000 3.079594 6.523843 2.038186
0.120000 3.424019 7.258123 2.103214
0.130000 3.807429 8.072252 2.211519
0.140000 4.233912 8.973408 2.371429
0.150000 4.707861 9.968764 2.593259
0.160000 5.233951 11.065191 2.889690
0.170000 5.817075 12.268801 3.276189
0.180000 6.462248 13.584315 3.771461
0.190000 7.174455 15.014180 4.397881
0.200000 7.958427 16.557362 5.181873
0.210000 8.818321 18.207752 6.154119
0.220000 9.757264 19.952114 7.349460
0.230000 10.776749 21.767521 8.806274
0.240000 11.875826 23.618305 10.565018
0.250000 13.050074 25.452671 12.665548
0.260000 14.290333 27.199301 15.142767
0.270000 15.581229 28.764648 18.020115
0.280000 16.899570 30.031990 21.300653
0.290000 18.212812 30.863831 24.955879
0.300000 19.477915 31.109612 28.913317
0.310000 20.641085 30.620621 33.045258
0.320000 21.639038 29.273018 37.162659
0.330000 22.402435 26.997578 41.019535
0.340000 22.861950 23.810909 44.333000
0.350000 22.956846 19.838758 46.821091
0.360000 22.645037 15.319643 48.254021
0.370000 21.912497 10.579916 48.506210
0.380000 20.779238 5.980694 47.590771
0.390000 19.299383 1.850075 45.660778
0.400000 17.554453 -1.576847 42.973763
0.410000 15.641323 -4.189641 39.832024
0.420000 13.658227 -5.998429 36.521225
0.430000 11.692561 -7.102293 33.267185
0.440000 9.813076 -7.647139 30.218922
0.450000 8.067055 -7.788412 27.453897
0.460000 6.481508 -7.666473 24.995333
0.470000 5.066710 -7.395061 22.832066
0.480000 3.820533 -7.059266 20.935234
0.490000 2.732553 -6.718762 19.269844
0.500000 1.787421 -6.413018 17.801588
0.510000 0.967378 -6.166599 16.500181
0.520000 0.253980 -5.993687 15.340509
0.530000 -0.370787 -5.901597 14.302581
0.540000 -0.923868 -5.893369 13.370953
0.550000 -1.420818 -5.969589 12.533998
0.560000 -1.875695 -6.129637 11.783212
0.570000 -2.301089 -6.372518 11.112634
0.580000 -2.708232 -6.697386 10.518425
0.590000 -3.107147 -7.103854 9.998574
0.600000 -3.506818 -7.592146 9.552727
0.610000 -3.915351 -8.163137 9.182117
0.620000 -4.340129 -8.818293 8.889588
0.630000 -4.787946 -9.559526 8.679671
0.640000 -5.265104 -10.388978 8.558728
0.650000 -5.777491 -11.308691 8.535134
0.660000 -6.330611 -12.320185 8.619481
0.670000 -6.929569 -13.423888 8.824789
0.680000 -7.579000 -14.618409 9.166684
0.690000 -8.282942 -15.899602 9.663498
0.700000 -9.044608 -17.259407 10.336216
0.710000 -9.866088 -18.684433 11.208178
0.720000 -10.747922 -20.154285 12.304384
0.730000 -11.688559 -21.639694 13.650254
0.740000 -12.683672 -23.100576 15.269601
0.750000 -13.725363 -24.484253 17.181623
0.760000 -14.801251 -25.724272 19.396729
0.770000 -15.893554 -26.740421 21.911121
0.780000 -16.978241 -27.440756 24.700377
0.790000 -18.024492 -27.726566 27.712635
0.800000 -18.994699 -27.501097 30.862690
0.810000 -19.845339 -26.682327 34.028919
0.820000 -20.529037 -25.219044 37.055511
0.830000 -20.998037 -23.107843 39.762360
0.840000 -21.209019 -20.406900 41.963715
0.850000 -21.128807 -17.241264 43.494225
0.860000 -20.740053 -13.795107 44.237469
0.870000 -20.045559 -10.289496 44.149403
0.880000 -19.069952 -6.949364 43.268681
0.890000 -17.857893 -3.968140 41.709328
0.900000 -16.468918 -1.480262 39.637318
0.910000 -14.970053 0.451081 37.238602
0.920000 -13.427939 1.829594 34.688488
0.930000 -11.902186 2.709424 32.130234
0.940000 -10.441026 3.173918 29.665728
0.950000 -9.079532 3.316098 27.356613
0.960000 -7.839969 3.224520 25.231743
0.970000 -6.733520 2.975245 23.296818
0.980000 -5.762643 2.628802 21.543350
0.990000 -4.923499 2.230441 19.955631
1.000000 -4.208105 1.812072 18.515434
1.010000 -3.606087 1.394831 17.204811
1.020000 -3.105996 0.991598 16.007519
1.030000 -2.696236 0.609196 14.909547
1.040000 -2.365693 0.250155 13.899147
1.050000 -2.104108 -0.085929 12.966615
1.060000 -1.902290 -0.401389 12.103977
1.070000 -1.752200 -0.699763 11.304677
1.080000 -1.646956 -0.985301 10.563290
1.090000 -1.580791 -1.262623 9.875295
1.100000 -1.548974 -1.536511 9.236897
1.110000 -1.547728 -1.811781 8.644901
1.120000 -1.574133 -2.093228 8.096613
1.130000 -1.626043 -2.385602 7.589787
1.140000 -1.701998 -2.693624 7.122589
1.150000 -1.801161 -3.022021 6.693593
1.160000 -1.923247 -3.375564 6.301783
1.170000 -2.068479 -3.759119 5.946582
1.180000 -2.237543 -4.177698 5.627898
1.190000 -2.431558 -4.636506 5.346181
1.200000 -2.652053 -5.140982 5.102507
1.210000 -2.900946 -5.696826 4.898679
1.220000 -3.180534 -6.310014 4.737361
1.230000 -3.493482 -6.986790 4.622228
1.240000 -3.842813 -7.733620 4.558160
1.250000 -4.231894 -8.557110 4.551469
1.260000 -4.664415 -9.463856 4.610164
1.270000 -5.144360 -10.460217 4.744252
1.280000 -5.675945 -11.551973 4.966078
1.290000 -6.263548 -12.743847 5.290688
1.300000 -6.911578 -14.038816 5.736191
1.310000 -7.624301 -15.437209 6.324080
1.320000 -8.405592 -16.935474 7.079452
1.330000 -9.258580 -18.524616 8.031013
1.340000 -10.185184 -20.188215 9.210726
1.350000 -11.185487 -21.900055 10.652882
1.360000 -12.256944 -23.621414 12.392314
1.370000 -13.393391 -25.298225 14.461419
1.380000 -14.583874 -26.858519 16.885609
1.390000 -15.811338 -28.210842 19.676908
1.400000 -17.051289 -29.244726 22.825621
1.410000 -18.270632 -29.834578 26.290508
1.420000 -19.427027 -29.848566 29.988764
1.430000 -20.469181 -29.163723 33.788193
1.440000 -21.338634 -27.687290 37.505211
1.450000 -21.973499 -25.382135 40.912941
1.460000 -22.314363 -22.290890 43.762741
1.470000 -22.312016 -18.550625 45.819283
1.480000 -21.935877 -14.389277 46.903667
1.490000 -21.181217 -10.098700 46.933155
1.500000 -20.072966 -5.987440 45.943291
1.510000 -18.664413 -2.325815 44.082245
1.520000 -17.030554 0.699099 41.577515
1.530000 -15.257588 3.004434 38.686607
1.540000 -13.431386 4.604908 35.649082
1.550000 -11.627757 5.586237 32.653961
1.560000 -9.906358 6.071526 29.827465
1.570000 -8.308569 6.191846 27.237490
1.580000 -6.858528 6.066574 24.907194
1.590000 -5.566018 5.793787 22.830629
1.600000 -4.430037 5.448121 20.986097
1.610000 -3.442222 5.082922 19.345663
1.620000 -2.589707 4.734191 17.880981
1.630000 -1.857318 4.424796 16.566309
1.640000 -1.229106 4.168188 15.379701
1.650000 -0.689377 3.971389 14.303151
1.660000 -0.223300 3.837253 13.322226
1.670000 0.182755 3.766105 12.425505
1.680000 0.541090 3.756907 11.604016
1.690000 0.862672 3.808055 10.850739
1.700000 1.157210 3.917916 10.160204
1.710000 1.433281 4.085181 9.528193
1.720000 1.698471 4.309082 8.951529
1.730000 1.959532 4.589523 8.427945
1.740000 2.222531 4.927149 7.956013
1.750000 2.492993 5.323361 7.535117
1.760000 2.776030 5.780315 7.165484
1.770000 3.076458 6.300885 6.848246
1.780000 3.398901 6.888601 6.585538
1.790000 3.747871 7.547571 6.380637
1.800000 4.127841 8.282361 6.238132
1.810000 4.543293 9.097833 6.164138
1.820000 4.998747 9.998921 6.166534
1.830000 5.498765 10.990332 6.255251
1.840000 6.047921 12.076120 6.442564
1.850000 6.650741 13.259136 6.743412
1.860000 7.311581 14.540265 7.175680
1.870000 8.034449 15.917449 7.760422
1.880000 8.822748 17.384413 8.521937
1.890000 9.678915 18.929070 9.487588
1.900000 10.603930 20.531580 10.687207
1.910000 11.596695 22.162100 12.151877
1.920000 12.653235 23.778337 13.911819
1.930000 13.765745 25.323164 15.993090
1.940000 14.921487 26.722773 18.412800
1.950000 16.101616 27.886097 21.172709
1.960000 17.280064 28.706541 24.251301
1.970000 18.422710 29.067253 27.595047
1.980000 19.487165 28.851185 31.110344
1.990000 20.423567 27.956554 34.658588
2.000000 21.176865 26.317068 38.057728
2.010000 21.690886 23.923986 41.093662
2.020000 21.914196 20.844616 43.543396
2.030000 21.807238 17.229959 45.208420
2.040000 21.349510 13.304979 45.951889
2.050000 20.545057 9.339289 45.728962
2.060000 19.424480 5.603470 44.599113
2.070000 18.042379 2.323144 42.714268
2.080000 16.470455 -0.354892 40.285786
2.090000 14.787921 -2.374867 37.541603
2.100000 13.071642 -3.762124 34.687622
2.110000 11.388266 -4.598684 31.883331
2.120000 9.789571 -4.994942 29.234055
2.130000 8.311119 -5.065801 26.796125
2.140000 6.973427 -4.915088 24.588684
2.150000 5.784575 -4.628051 22.606680
2.160000 4.743313 -4.269790 20.831848
2.170000 3.842002 -3.887084 19.240522
2.180000 3.069094 -3.511674 17.808474
2.190000 2.411017 -3.163770 16.513460
2.200000 1.853538 -2.855190 15.336278
2.210000 1.382665 -2.591911 14.260932
2.220000 0.985208 -2.376027 13.274361
2.230000 0.649084 -2.207188 12.365990
2.240000 0.363457 -2.083639 11.527260
2.250000 0.118747 -2.002931 10.751199
2.260000 -0.093420 -1.962419 10.032070
2.270000 -0.280320 -1.959581 9.365095
2.280000 -0.448246 -1.992222 8.746245
2.290000 -0.602644 -2.058604 8.172090
2.300000 -0.748240 -2.157510 7.639687
2.310000 -0.889167 -2.288279 7.146515
2.320000 -1.029078 -2.450818 6.690425
2.330000 -1.171252 -2.645602 6.269616
2.340000 -1.318687 -2.873663 5.882626
2.350000 -1.474185 -3.136586 5.528344
2.360000 -1.640425 -3.436494 5.206025
2.370000 -1.820032 -3.776047 4.915328
2.380000 -2.015633 -4.158435 4.656363
2.390000 -2.229913 -4.587373 4.429756
2.400000 -2.465659 -5.067095 4.236732
2.410000 -2.725803 -5.602345 4.079219
2.420000 -3.013457 -6.198355 3.959979
2.430000 -3.331947 -6.860807 3.882763
2.440000 -3.684833 -7.595772 3.852510
2.450000 -4.075927 -8.409609 3.875566
2.460000 -4.509295 -9.308807 3.959963
2.470000 -4.989246 -10.299755 4.115726
2.480000 -5.520297 -11.388403 4.355223
2.490000 -6.107108 -12.579781 4.693547
2.500000 -6.754375 -13.877333 5.148903
2.510000 -7.466671 -15.282008 5.742969
2.520000 -8.248205 -16.791048 6.501159
2.530000 -9.102489 -18.396406 7.452706
2.540000 -10.031881 -20.082758 8.630388
2.550000 -11.036969 -21.825068 10.069705
2.560000 -12.115779 -23.585777 11.807214
2.570000 -13.262779 -25.311802 13.877663
2.580000 -14.467682 -26.931698 16.309528
2.590000 -15.714084 -28.353722 19.118614
2.600000 -16.978046 -29.465813 22.299561
2.610000 -18.226824 -30.138977 25.815636
2.620000 -19.418039 -30.235727 29.587963
2.630000 -20.499807 -29.625019 33.486607
2.640000 -21.412329 -28.204025 37.327225
2.650000 -22.091497 -25.924809 40.877869
2.660000 -22.474829 -22.820646 43.879841
2.670000 -22.509411 -19.023474 46.083405
2.680000 -22.160816 -14.762772 47.293236
2.690000 -21.421011 -10.339605 47.411888
2.700000 -20.312870 -6.077987 46.465927
2.710000 -18.889381 -2.266247 44.602798
2.720000 -17.227068 0.892581 42.057343
2.730000 -15.415103 3.305323 39.099739
2.740000 -13.543060 4.983306 35.983559
2.750000 -11.690424 6.014691 32.909752
2.760000 -9.919912 6.528515 30.012615
2.770000 -8.275070 6.662879 27.364141
2.780000 -6.781275 6.543633 24.988499
2.790000 -5.448784 6.273978 22.878849
2.800000 -4.276508 5.932198 21.011730
2.810000 -3.255638 5.574022 19.357250
2.820000 -2.372672 5.236906 17.885290
2.830000 -1.611714 4.944548 16.568678
2.840000 -0.956088 4.710862 15.384402
2.850000 -0.389393 4.543138 14.313730
2.860000 0.103860 4.444413 13.341786
2.870000 0.537915 4.415193 12.456945
2.880000 0.925643 4.454649 11.650229
2.890000 1.278544 4.561443 10.914777
2.900000 1.606834 4.734271 10.245441
2.910000 1.919577 4.972214 9.638480
2.920000 2.224841 5.274956 9.091357
2.930000 2.529853 5.642893 8.602623
2.940000 2.841157 6.077189 8.171869
2.950000 3.164760 6.579766 7.799738
2.960000 3.506261 7.153258 7.487987
2.970000 3.870960 7.800930 7.239597
2.980000 4.263957 8.526547 7.058926
2.990000 4.690216 9.334200 6.951897
3.000000 5.154614 10.228060 6.926229
3.010000 5.661959 11.212051 6.991695
3.020000 6.216968 12.289412 7.160401
3.030000 6.824213 13.462110 7.447068
3.040000 7.488002 14.730064 7.869277
3.050000 8.212209 16.090153 8.447643
3.060000 9.000003 17.534931 9.205821
3.070000 9.853496 19.051058 10.170240
3.080000 10.773252 20.617401 11.369416
3.090000 11.757667 22.202881 12.832616
3.100000 12.802188 23.764183 14.587645
3.110000 13.898388 25.243616 16.657465
3.120000 15.032910 26.567610 19.055418
3.130000 16.186380 27.646564 21.778934
3.140000 17.332399 28.377064 24.801977
3.150000 18.436865 28.647587 28.066929
3.160000 19.457937 28.348772 31.477509
3.170000 20.347021 27.388634 34.895084
3.180000 21.051182 25.711803 38.141506
3.190000 21.517244 23.319778 41.011364
3.200000 21.697498 20.286894 43.295033
3.210000 21.556438 16.765385 44.810432
3.220000 21.077333 12.974001 45.437077
3.230000 20.267000 9.168990 45.142498
3.240000 19.157200 5.603030 43.991264
3.250000 17.801783 2.483522 42.131882
3.260000 16.269957 -0.057040 39.765186
3.270000 14.637257 -1.970661 37.104881
3.280000 12.976465 -3.283659 34.342758
3.290000 11.350452 -4.073888 31.627127
3.300000 9.808019 -4.444845 29.056236
3.310000 8.382732 -4.503992 26.683193
3.320000 7.094060 -4.348568 24.526747
3.330000 5.949797 -4.058688 22.583132
3.340000 4.948949 -3.695808 20.836098
3.350000 4.084473 -3.304312 19.264114
3.360000 3.345595 -2.914454 17.844870
3.370000 2.719590 -2.545560 16.557699
3.380000 2.193075 -2.208921 15.384619
3.390000 1.752875 -1.910167 14.310529
3.400000 1.386571 -1.651106 13.323006
3.410000 1.082803 -1.431088 12.411907
3.420000 0.831414 -1.247989 11.568947
3.430000 0.623474 -1.098899 10.787304
3.440000 0.451237 -0.980593 10.061296
3.450000 0.308054 -0.889841 9.386114
3.460000 0.188264 -0.823602 8.757628
3.470000 0.087078 -0.779140 8.172234
3.480000 0.000456 -0.754083 7.626737
3.490000 -0.074998 -0.746449 7.118281
3.500000 -0.142143 -0.754645 6.644287
3.510000 -0.203393 -0.777455 6.202404
3.520000 -0.260799 -0.814015 5.790490
3.530000 -0.316121 -0.863797 5.406579
3.540000 -0.370889 -0.926582 5.048869
3.550000 -0.426458 -1.002439 4.715713
3.560000 -0.484056 -1.091712 4.405605
3.570000 -0.544822 -1.195005 4.117181
3.580000 -0.609840 -1.313174 3.849212
3.590000 -0.680173 -1.447323 3.600605
3.600000 -0.756888 -1.598808 3.370408
3.610000 -0.841080 -1.769239 3.157814
3.620000 -0.933896 -1.960489 2.962173
3.630000 -1.036555 -2.174711 2.783002
3.640000 -1.150371 -2.414352 2.620010
3.650000 -1.276769 -2.682173 2.473116
3.660000 -1.417309 -2.981270 2.342486
3.670000 -1.573705 -3.315104 2.228573
3.680000 -1.747845 -3.687519 2.132171
3.690000 -1.941813 -4.102774 2.054478
3.700000 -2.157909 -4.565559 1.997180
3.710000 -2.398674 -5.081021 1.962555
3.720000 -2.666909 -5.654764 1.953594
3.730000 -2.965694 -6.292850 1.974161
3.740000 -3.298410 -7.001769 2.029176
3.750000 -3.668746 -7.788375 2.124844
3.760000 -4.080709 -8.659784 2.268923
3.770000 -4.538616 -9.623197 2.471041
3.780000 -5.047074 -10.685626 2.743064
3.790000 -5.610929 -11.853506 3.099504
3.800000 -6.235187 -13.132120 3.557961
3.810000 -6.924881 -14.524806 4.139575
3.820000 -7.684873 -16.031864 4.869427
3.830000 -8.519572 -17.649101 5.776825
3.840000 -9.432525 -19.365929 6.895329
3.850000 -10.425865 -21.162973 8.262335
3.860000 -11.499576 -23.009167 9.917933
3.870000 -12.650535 -24.858437 11.902690
3.880000 -13.871325 -26.646248 14.253899
3.890000 -15.148817 -28.286552 16.999821
3.900000 -16.462591 -29.670084 20.151571
3.910000 -17.783340 -30.665438 23.692591
3.920000 -19.071550 -31.124784 27.566416
3.930000 -20.276875 -30.896229 31.664623
3.940000 -21.338810 -29.844196 35.818428
3.950000 -22.189348 -27.877396 39.798916
3.960000 -22.758152 -24.980520 43.331455
3.970000 -22.980389 -21.241560 46.127781
3.980000 -22.806505 -16.863310 47.933971
3.990000 -22.212185 -12.148435 48.584290
4.000000 -21.205811 -7.454730 48.043755
4.010000 -19.830702 -3.129742 46.421658
4.020000 -18.160606 0.554699 43.947514
4.030000 -16.289076 3.445317 40.916927
4.040000 -14.315637 5.514913 37.627907
4.050000 -12.332582 6.838059 34.329872
4.060000 -10.415518 7.550315 31.197893
4.070000 -8.618935 7.807889 28.331619
4.080000 -6.976252 7.758393 25.769878
4.090000 -5.502788 7.525230 23.510633
4.100000 -4.199986 7.202937 21.529152
4.110000 -3.059694 6.859133 19.791346
4.120000 -2.067811 6.539382 18.262047
4.130000 -1.207092 6.272626 16.909349
4.140000 -0.459120 6.076025 15.706338
4.150000 0.194395 5.958823 14.631348
4.160000 0.770837 5.925222 13.667503
4.170000 1.286276 5.976450 12.802006
4.180000 1.755293 6.112174 12.025408
4.190000 2.190981 6.331453 11.330997
4.200000 2.605029 6.633354 10.714314
4.210000 3.007861 7.017317 10.172823
4.220000 3.408807 7.483361 9.705703
4.230000 3.816262 8.032145 9.313746
4.240000 4.237851 8.664940 8.999354
4.250000 4.680560 9.383510 8.766602
4.260000 5.150855 10.189905 8.621359
4.270000 5.654759 11.086172 8.571465
4.280000 6.197901 12.073947 8.626928
4.290000 6.785505 13.153932 8.800128
4.300000 7.422348 14.325201 9.106010
4.310000 8.112634 15.584327 9.562206
4.320000 8.859803 16.924274 10.189022
4.330000 9.666250 18.333050 11.009208
4.340000 10.532930 19.792091 12.047376
4.350000 11.458846 21.274448 13.328900
4.360000 12.440406 22.742844 14.878109
4.370000 13.470650 24.147831 16.715532
4.380000 14.538368 25.426443 18.854027
4.390000 15.627175 26.501854 21.293674
4.400000 16.714643 27.284845 24.015579
4.410000 17.771664 27.677979 26.975098
4.420000 18.762295 27.583342 30.095585
4.430000 19.644400 26.914328 33.264469
4.440000 20.371393 25.611012 36.333984
4.450000 20.895355 23.657152 39.129028
4.460000 21.171535 21.095131 41.463661
4.470000 21.163895 18.033716 43.165565
4.480000 20.850876 14.643755 44.104485
4.490000 20.230164 11.139391 44.217522
4.500000 19.321087 7.747166 43.523190
4.510000 18.163694 4.670445 42.118465
4.520000 16.814369 2.059306 40.158878
4.530000 15.338863 -0.005725 37.827866
4.540000 13.804404 -1.513151 35.305119
4.550000 12.272649 -2.506448 32.742550
4.560000 10.794739 -3.063420 30.252094
4.570000 9.408923 -3.275893 27.904591
4.580000 8.140442 -3.234157 25.736050
4.590000 7.002982 -3.017520 23.757030
4.600000 6.000932 -2.690210 21.961905
4.610000 5.131817 -2.300966 20.336332
4.620000 4.388539 -1.884671 18.862490
4.630000 3.761218 -1.464821 17.522274
4.640000 3.238614 -1.056083 16.299021
4.650000 2.809144 -0.666573 15.178211
4.660000 2.461573 -0.299724 14.147600
4.670000 2.185443 0.044260 13.197044
4.680000 1.971325 0.367327 12.318204
4.690000 1.810925 0.672793 11.504228
4.700000 1.697112 0.964791 10.749459
4.710000 1.623880 1.247904 10.049199
4.720000 1.586282 1.526925 9.399513
4.730000 1.580346 1.806712 8.797097
4.740000 1.602983 2.092117 8.239174
4.750000 1.651896 2.387958 7.723429
4.760000 1.725502 2.699027 7.247978
4.770000 1.822855 3.030113 6.811349
4.780000 1.943581 3.386050 6.412491
4.790000 2.087828 3.771760 6.050800
4.800000 2.256221 4.192304 5.726160
4.810000 2.449829 4.652928 5.439002
4.820000 2.670139 5.159105 5.190389
4.830000 2.919036 5.716562 4.982116
4.840000 3.198789 6.331297 4.816842
4.850000 3.512039 7.009564 4.698243
4.860000 3.861792 7.757835 4.631204
4.870000 4.251396 8.582711 4.622046
4.880000 4.684528 9.490773 4.678793
4.890000 5.165153 10.488354 4.811470
4.900000 5.697473 11.581193 5.032443
4.910000 6.285845 12.773952 5.356781
4.920000 6.934655 14.069530 5.802611
4.930000 7.648143 15.468146 6.391441
4.940000 8.430143 16.966118 7.148369
4.950000 9.283741 18.554279 8.102077
4.960000 10.210794 20.216007 9.284467
4.970000 11.211315 21.924852 10.729714
4.980000 12.282669 23.641830 12.472461
4.990000 13.418585 25.312609 14.544807
5.000000 14.607987 26.864979 16.971743
5.010000 15.833687 28.207336 19.764721
5.020000 17.071053 29.229212 22.913328
5.030000 18.286869 29.805267 26.375500
5.040000 19.438709 29.804285 30.067575
5.050000 20.475267 29.104332 33.856628
5.060000 21.338173 27.614128 37.558701
5.070000 21.965769 25.298334 40.947124
5.080000 22.299025 22.201416 43.774277
5.090000 22.289265 18.461891 45.806675
5.100000 21.906527 14.308295 46.867901
5.110000 21.146704 10.031911 46.877808
5.120000 20.035225 5.939558 45.874023
5.130000 18.625658 2.299062 44.005745
5.140000 16.992998 -0.705104 41.500229
5.150000 15.223187 -2.992147 38.613716
5.160000 13.401654 -4.577971 35.583954
5.170000 11.603691 -5.548566 32.598156
5.180000 9.888465 -6.026637 29.781096
5.190000 8.296955 -6.142493 27.199738
5.200000 6.853010 -6.014671 24.876774
5.210000 5.566242 -5.740489 22.806128
5.220000 4.435569 -5.393981 20.966183
5.230000 3.452614 -5.028051 19.329176
5.240000 2.604547 -4.678401 17.866959
5.250000 1.876253 -4.367697 16.553970
5.260000 1.251858 -4.109263 15.368418
5.270000 0.715745 -3.910041 14.292410
5.280000 0.253167 -3.772830 13.311592
5.290000 -0.149433 -3.697915 12.414597
5.300000 -0.504281 -3.684226 11.592479
5.310000 -0.822276 -3.730123 10.838222
5.320000 -1.113060 -3.833939 10.146341
5.330000 -1.385148 -3.994322 9.512589
5.340000 -1.646065 -4.210456 8.933741
5.350000 -1.902505 -4.482195 8.407462
5.360000 -2.160474 -4.810122 7.932236
5.370000 -2.425438 -5.195580 7.507339
5.380000 -2.702452 -5.640661 7.132863
5.390000 -2.996273 -6.148179 6.809772
5.400000 -3.311464 -6.721614 6.540002
5.410000 -3.652479 -7.365038 6.326583
5.420000 -4.023735 -8.083005 6.173816
5.430000 -4.429662 -8.880403 6.087465
5.440000 -4.874736 -9.762250 6.075004
5.450000 -5.363488 -10.733413 6.145885
5.460000 -5.900480 -11.798222 6.311843
5.470000 -6.490254 -12.959945 6.587203
5.480000 -7.137223 -14.220090 6.989187
5.490000 -7.845510 -15.577477 7.538158
5.500000 -8.618707 -17.027039 8.257745
5.510000 -9.459539 -18.558296 9.174736
5.520000 -10.369415 -20.153496 10.318613
5.530000 -11.347823 -21.785418 11.720502
5.540000 -12.391582 -23.414932 13.411302
5.550000 -13.493917 -24.988554 15.418692
5.560000 -14.643381 -26.436380 17.762709
5.570000 -15.822681 -27.671103 20.449701
5.580000 -17.007523 -28.589050 23.464691
5.590000 -18.165676 -29.074503 26.762659
5.600000 -19.256559 -29.008530 30.260054
5.610000 -20.231756 -28.283236 33.828751
5.620000 -21.036903 -26.821144 37.295685
5.630000 -21.615328 -24.597408 40.451630
5.640000 -21.913536 -21.659973 43.071651
5.650000 -21.888180 -18.140642 44.946659
5.660000 -21.513426 -14.249921 45.920856
5.670000 -20.787075 -10.252031 45.925098
5.680000 -19.733570 -6.423408 44.994507
5.690000 -18.402554 -3.005551 43.262424
5.700000 -16.862854 -0.166819 40.931347
5.710000 -15.193251 2.015443 38.230709
5.720000 -13.472382 3.549666 35.375771
5.730000 -11.770177 4.507861 32.539150
5.740000 -10.142373 4.997048 29.839279
5.750000 -8.628431 5.133625 27.343164
5.760000 -7.252226 5.025614 25.077326
5.770000 -6.024442 4.763399 23.041027
5.780000 -4.945658 4.417014 21.217983
5.790000 -4.009391 4.037429 19.584993
5.800000 -3.204709 3.659664 18.117445
5.810000 -2.518271 3.306360 16.792328
5.820000 -1.935808 2.991057 15.589571
5.830000 -1.443122 2.720905 14.492360
5.840000 -1.026719 2.498764 13.486932
5.850000 -0.674171 2.324768 12.562143
5.860000 -0.374277 2.197443 11.708990
5.870000 -0.117105 2.114495 10.920162
5.880000 0.106055 2.073349 10.189672
5.890000 0.302784 2.071504 9.512556
5.900000 0.479656 2.106766 8.884655
5.910000 0.642367 2.177386 8.302447
5.920000 0.795869 2.282143 7.762935
5.930000 0.944497 2.420382 7.263566
5.940000 1.092085 2.592033 6.802186
5.950000 1.242080 2.797611 6.377012
5.960000 1.397633 3.038210 5.986625
5.970000 1.561691 3.315494 5.629977
5.980000 1.737071 3.631690 5.306421
5.990000 1.926533 3.989577 5.015743
6.000000 2.132837 4.392480 4.758219
6.010000 2.358802 4.844265 4.534688
6.020000 2.607348 5.349322 4.346640
6.030000 2.881545 5.912554 4.196338
6.040000 3.184646 6.539341 4.086954
6.050000 3.520116 7.235494 4.022744
6.060000 3.891654 8.007166 4.009257
6.070000 4.303205 8.860731 4.053583
6.080000 4.758957 9.802588 4.164639
6.090000 5.263320 10.838877 4.353496
6.100000 5.820876 11.975080 4.633746
6.110000 6.436296 13.215449 5.021883
6.120000 7.114212 14.562235 5.537674
6.130000 7.859014 16.014629 6.204482
6.140000 8.674576 17.567396 7.049440
6.150000 9.563858 19.209095 8.103372
6.160000 10.528381 20.919889 9.400274
6.170000 11.567533 22.668941 10.976112
6.180000 12.677673 24.411495 12.866605
6.190000 13.851055 26.085943 15.103636
6.200000 15.074544 27.611366 17.709900
6.210000 16.328226 28.886438 20.691521
6.220000 17.584047 29.790918 24.028723
6.230000 18.804735 30.191320 27.665249
6.240000 19.943394 29.952356 31.498287
6.250000 20.944290 28.955156 35.371906
6.260000 21.745377 27.121611 39.078220
6.270000 22.283001 24.441395 42.370689
6.280000 22.498840 20.994761 44.992241
6.290000 22.348433 16.961756 46.716320
6.300000 21.809765 12.609334 47.392570
6.310000 20.889721 8.253767 46.983116
6.320000 19.626125 4.205709 45.575081
6.330000 18.084084 0.714345 43.362144
6.340000 16.347109 -2.070902 40.600502
6.350000 14.505308 -4.110010 37.555256
6.360000 12.643776 -5.454929 34.455391
6.370000 10.833905 -6.216585 31.468645
6.380000 9.128857 -6.530209 28.697226
6.390000 7.562950 -6.528556 26.187935
6.400000 6.153800 -6.326225 23.948313
6.410000 4.905797 -6.013630 21.962448
6.420000 3.813854 -5.657304 20.203260
6.430000 2.866738 -5.303374 18.640608
6.440000 2.049727 -4.982031 17.245861
6.450000 1.346551 -4.711781 15.994013
6.460000 0.740718 -4.502996 14.864294
6.470000 0.216347 -4.360667 13.839982
6.480000 -0.241355 -4.286426 12.907878
6.490000 -0.645862 -4.279987 12.057693
6.500000 -1.009274 -4.340152 11.281487
6.510000 -1.342362 -4.465487 10.573188
6.520000 -1.654675 -4.654763 9.928248
6.530000 -1.954683 -4.907244 9.343383
6.540000 -2.249939 -5.222849 8.816409
6.550000 -2.547230 -5.602240 8.346156
6.560000 -2.852731 -6.046846 7.932445
6.570000 -3.172143 -6.558851 7.576113
6.580000 -3.510814 -7.141137 7.279093
6.590000 -3.873846 -7.797198 7.044529
6.600000 -4.266181 -8.531009 6.876943
6.610000 -4.692664 -9.346847 6.782426
6.620000 -5.158082 -10.249047 6.768878
6.630000 -5.667179 -11.241675 6.846272
6.640000 -6.224629 -12.328078 7.026937
6.650000 -6.834974 -13.510293 7.325850
6.660000 -7.502506 -14.788263 7.760882
6.670000 -8.231081 -16.158821 8.352978
6.680000 -9.023855 -17.614395 9.126156
6.690000 -9.882909 -19.141399 10.107240
6.700000 -10.808758 -20.718311 11.325148
6.710000 -11.799713 -22.313473 12.809526
6.720000 -12.851089 -23.882771 14.588479
6.730000 -13.954258 -25.367470 16.685104
6.740000 -15.095579 -26.692705 19.112600
6.750000 -16.255291 -27.767382 21.867840
6.760000 -17.406500 -28.486507 24.923645
6.770000 -18.514500 -28.737127 28.220564
6.780000 -19.536762 -28.408920 31.659719
6.790000 -20.423979 -27.409840 35.099243
6.800000 -21.122564 -25.685793 38.357460
6.810000 -21.578888 -23.241173 41.225780
6.820000 -21.745117 -20.154785 43.492569
6.830000 -21.586084 -16.584360 44.975731
6.840000 -21.085913 -12.754122 45.557247
6.850000 -20.252733 -8.924475 45.209404
6.860000 -19.119907 -5.349855 44.002880
6.870000 -17.742903 -2.236621 42.092228
6.880000 -16.192274 0.286115 39.682907
6.890000 -14.544436 2.174983 36.991039
6.900000 -12.872494 3.460928 34.208618
6.910000 -11.239152 4.225523 31.482525
6.920000 -9.692684 4.574674 28.908766
6.930000 -8.265948 4.617011 26.538097
6.940000 -6.977653 4.450001 24.387243
6.950000 -5.834888 4.153415 22.450912
6.960000 -4.836057 3.788098 20.711830
6.970000 -3.973642 3.397757 19.147840
6.980000 -3.236502 3.012026 17.736298
6.990000 -2.611649 2.649721 16.456388
7.000000 -2.085512 2.321745 15.290089
7.010000 -1.644786 2.033461 14.222324
7.020000 -1.276962 1.786513 13.240719
7.030000 -0.970614 1.580178 12.335187
7.040000 -0.715535 1.412331 11.497499
7.050000 -0.502748 1.280127 10.720890
7.060000 -0.324461 1.180455 9.999724
7.070000 -0.173969 1.110246 9.329243
7.080000 -0.045548 1.066663 8.705359
7.090000 0.065673 1.047208 8.124513
7.100000 0.163827 1.049788 7.583564
7.110000 0.252423 1.072738 7.079710
7.120000 0.334454 1.114818 6.610435
7.130000 0.412491 1.175208 6.173466
7.140000 0.488763 1.253489 5.766747
7.150000 0.565235 1.349622 5.388422
7.160000 0.643674 1.463934 5.036820
7.170000 0.725700 1.597103 4.710454
7.180000 0.812840 1.750144 4.408012
7.190000 0.906571 1.924408 4.128369
7.200000 1.008354 2.121577 3.870589
7.210000 1.119677 2.343671 3.633941
7.220000 1.242076 2.593055 3.417919
7.230000 1.377174 2.872453 3.222264
7.240000 1.526702 3.184961 3.047004
7.250000 1.692528 3.534069 2.892494
7.260000 1.876682 3.923680 2.759476
7.270000 2.081382 4.358128 2.649145
7.280000 2.309056 4.842195 2.563243
7.290000 2.562370 5.381122 2.504169
7.300000 2.844245 5.980608 2.475108
7.310000 3.157881 6.646792 2.480203
7.320000 3.506773 7.386209 2.524753
7.330000 3.894716 8.205707 2.615453
7.340000 4.325815 9.112306 2.760678
7.350000 4.804464 10.112989 2.970813
7.360000 5.335317 11.214377 3.258633
7.370000 5.923223 12.422264 3.639712
7.380000 6.573127 13.740955 4.132862
7.390000 7.289909 15.172363 4.760547
7.400000 8.078155 16.714775 5.549227
7.410000 8.941816 18.361235 6.529522
7.420000 9.883759 20.097473 7.736046
7.430000 10.905130 21.899338 9.206693
7.440000 12.004551 23.729778 10.981062
7.450000 13.177073 25.535528 13.097641
7.460000 14.412919 27.243868 15.589296
7.470000 15.696014 28.760174 18.476641
7.480000 17.002430 29.967360 21.759060
7.490000 18.298923 30.728798 25.403627
7.500000 19.541910 30.896618 29.333082
7.510000 20.677382 30.327143 33.415321
7.520000 21.642357 28.904125 37.458481
7.530000 22.368534 26.568047 41.216770
7.540000 22.788485 23.345968 44.411854
7.550000 22.844233 19.372496 46.771240
7.560000 22.497059 14.890625 48.078640
7.570000 21.736416 10.224615 48.223335
7.580000 20.585236 5.726541 47.230896
7.590000 19.099365 1.710550 45.260975
7.600000 17.360483 -1.603292 42.570267
7.610000 15.464106 -4.116728 39.453896
7.620000 13.506022 -5.846803 36.187008
7.630000 11.570740 -6.894074 32.984859
7.640000 9.724258 -7.401919 29.988163
7.650000 8.011641 -7.521234 27.269161
7.660000 6.458353 -7.387469 24.848635
7.670000 5.073771 -7.110068 22.714943
7.680000 3.855387 -6.770816 20.839857
7.690000 2.792767 -6.427056 19.189486
7.700000 1.870785 -6.116729 17.730688
7.710000 1.072033 -5.863445 16.434206
7.720000 0.378485 -5.680821 15.275729
7.730000 -0.227445 -5.575854 14.235841
7.740000 -0.762286 -5.551401 13.299462
7.750000 -1.241198 -5.607947 12.455145
7.760000 -1.677873 -5.744810 11.694404
7.770000 -2.084566 -5.960949 11.011164
7.780000 -2.472205 -6.255483 10.401342
7.790000 -2.850533 -6.628003 9.862564
7.800000 -3.228280 -7.078737 9.393990
7.810000 -3.613325 -7.608603 8.996242
7.820000 -4.012853 -8.219185 8.671412
7.830000 -4.433486 -8.912621 8.423140
7.840000 -4.881400 -9.691432 8.256734
7.850000 -5.362403 -10.558266 8.179359
7.860000 -5.881989 -11.515546 8.200243
7.870000 -6.445345 -12.565010 8.330900
7.880000 -7.057312 -13.707101 8.585362
7.890000 -7.722291 -14.940182 8.980355
7.900000 -8.444079 -16.259533 9.535386
7.910000 -9.225625 -17.656105 10.272658
7.920000 -10.068673 -19.115002 11.216697
7.930000 -10.973306 -20.613707 12.393540
7.940000 -11.937346 -22.120113 13.829306
7.950000 -12.955623 -23.590517 15.547902
7.960000 -14.019112 -24.967859 17.567669
7.970000 -15.113986 -26.180700 19.896757
7.980000 -16.220657 -27.143616 22.527246
7.990000 -17.312954 -27.759895 25.428295
8.000000 -18.357649 -27.927534 28.539125
8.010000 -19.314638 -27.549288 31.763346
8.020000 -20.138103 -26.546919 34.966824
8.030000 -20.778984 -24.878464 37.981735
8.040000 -21.188932 -22.555576 40.619099
8.050000 -21.325596 -19.656168 42.690430
8.059999 -21.158653 -16.326784 44.036182
8.070000 -20.675467 -12.770476 44.554951
8.080000 -19.884968 -9.219958 44.224960
8.090000 -18.818466 -5.901431 43.110001
8.099999 -17.526762 -2.998946 41.346546
8.110000 -16.073980 -0.629739 39.115715
8.120000 -14.529556 1.163296 36.609211
8.130000 -12.960271 2.402543 33.999561
8.139999 -11.423989 3.156077 31.421535
8.150000 -9.965982 3.515393 28.966206
8.160000 -8.617845 3.576530 26.684772
8.170000 -7.398407 3.427421 24.597559
8.179999 -6.315825 3.141420 22.704140
8.190000 -5.370100 2.775529 20.992117
8.200000 -4.555537 2.371443 19.443586
8.210000 -3.862839 1.957938 18.039309
8.220000 -3.280761 1.553593 16.761049
8.230000 -2.797326 1.169334 15.592670
8.240000 -2.400660 0.810567 14.520444
8.250000 -2.079537 0.478863 13.532950
8.260000 -1.823697 0.173227 12.620791
8.270000 -1.624005 -0.108976 11.776242
8.280000 -1.472502 -0.371361 10.992926
8.290000 -1.362388 -0.618076 10.265529
8.300000 -1.287957 -0.853508 9.589578
8.309999 -1.244512 -1.082091 8.961262
8.320000 -1.228270 -1.308210 8.377308
8.330000 -1.236264 -1.536147 7.834886
8.340000 -1.266252 -1.770079 7.331549
8.349999 -1.316635 -2.014093 6.865190
8.360000 -1.386381 -2.272221 6.434027
8.370000 -1.474965 -2.548485 6.036591
8.380000 -1.582317 -2.846952 5.671739
8.389999 -1.708780 -3.171787 5.338669
8.400000 -1.855081 -3.527301 5.036955
8.410000 -2.022303 -3.918011 4.766591
8.420000 -2.211874 -4.348681 4.528051
8.429999 -2.425555 -4.824365 4.322367
8.440000 -2.665436 -5.350435 4.151225
8.450000 -2.933935 -5.932604 4.017088
8.460000 -3.233802 -6.576921 3.923340
8.470000 -3.568114 -7.289744 3.874467
8.480000 -3.940277 -8.077673 3.876274
8.490000 -4.354017 -8.947438 3.936137
8.500000 -4.813359 -9.905708 4.063300
8.510000 -5.322594 -10.958811 4.269209
8.520000 -5.886215 -12.112316 4.567886
8.530000 -6.508825 -13.370458 4.976316
8.540000 -7.194989 -14.735325 5.514820
8.550000 -7.949022 -16.205778 6.207368
8.559999 -8.774698 -17.776022 7.081742
8.570000 -9.674830 -19.433775 8.169416
8.580000 -10.650724 -21.158012 9.504971
8.590000 -11.701453 -22.916286 11.124784
8.599999 -12.822937 -24.661770 13.064667
8.610000 -14.006821 -26.330301 15.356048
8.620000 -15.239168 -27.838015 18.020344
8.630000 -16.499052 -29.080452 21.061264
8.639999 -17.757193 -29.934473 24.455172
8.650000 -18.974920 -30.264591 28.140341
8.660000 -20.103888 -29.935316 32.006989
8.670000 -21.087030 -28.830402 35.891342
8.679999 -21.861368 -26.878048 39.578049
8.690000 -22.363037 -24.078148 42.815407
8.700000 -22.534548 -20.524191 45.345638
8.710000 -22.333511 -16.410187 46.947613
8.720000 -21.741179 -12.014418 47.482727
8.730000 -20.768503 -7.658499 46.929272
8.740000 -19.457502 -3.650588 45.391193
8.750000 -17.876812 -0.230191 43.075413
8.760000 -16.112150 2.467114 40.244854
8.770000 -14.254224 4.415352 37.164345
8.780000 -12.387266 5.677505 34.057335
8.790000 -10.580789 6.371068 31.083548
8.800000 -8.885603 6.633621 28.337191
8.809999 -7.333681 6.597247 25.858599
8.820000 -5.940588 6.374231 23.650864
8.830000 -4.709106 6.052125 21.695465
8.840000 -3.632983 5.694716 19.964092
8.849999 -2.700213 5.345826 18.426258
8.860000 -1.895609 5.033856 17.053486
8.870000 -1.202663 4.776014 15.821159
8.880000 -0.604795 4.581784 14.708971
8.889999 -0.086137 4.455583 13.700658
8.900000 0.368035 4.398710 12.783439
8.910000 0.771102 4.410725 11.947394
8.920000 1.135064 4.490400 11.184909
8.929999 1.470598 4.636358 10.490213
8.940000 1.787174 4.847493 9.859045
8.950000 2.093206 5.123228 9.288405
8.960000 2.396208 5.463668 8.776415
8.970000 2.702954 5.869668 8.322239
8.980000 3.019625 6.342853 7.926075
8.990000 3.351948 6.885581 7.589197
9.000000 3.705312 7.500885 7.314049
9.010000 4.084869 8.192355 7.104375
9.020000 4.495617 8.963990 6.965394
9.030000 4.942455 9.819985 6.904019
9.040000 5.430208 10.764445 6.929098
9.050000 5.963632 11.800995 7.051687
9.059999 6.547368 12.932265 7.285340
9.070000 7.185858 14.159207 7.646371
9.080000 7.883193 15.480198 8.154071
9.090000 8.642893 16.889889 8.830797
9.099999 9.467592 18.377764 9.701849
9.110000 10.358609 19.926380 10.794988
9.120000 11.315386 21.509315 12.139414
9.130000 12.334779 23.088909 13.763977
9.139999 13.410192 24.614002 15.694340
9.150000 14.530573 26.018074 17.948830
9.160000 15.679323 27.218386 20.532810
9.170000 16.833229 28.117006 23.431608
9.179999 17.961607 28.604845 26.602493
9.190000 19.025930 28.569811 29.966875
9.200000 19.980318 27.909897 33.404747
9.210000 20.773275 26.550913 36.754238
9.220000 21.351040 24.466862 39.819439
9.230000 21.662622 21.698620 42.388725
9.240000 21.666222 18.364658 44.263287
9.250000 21.336065 14.657372 45.291313
9.260000 20.668196 10.821512 45.399185
9.270000 19.683527 7.117200 44.609169
9.280000 18.426895 3.776758 43.036125
9.290000 16.961882 0.968299 40.862976
9.300000 15.362523 -1.223186 38.303005
9.309999 13.703953 -2.793756 35.561546
9.320000 12.054182 -3.802049 32.807911
9.330000 10.468559 -4.343583 30.162399
9.340000 8.987345 -4.526519 27.696852
9.349999 7.635958 -4.454009 25.443573
9.360000 6.426961 -4.214261 23.407221
9.370000 5.362839 -3.876942 21.575882
9.380000 4.438861 -3.493658 19.929569
9.389999 3.645609 -3.100486 18.445847
9.400000 2.970999 -2.721174 17.103086
9.410000 2.401782 -2.370215 15.882029
9.420000 1.924582 -2.055465 14.766294
9.429999 1.526578 -1.780217 13.742311
9.440000 1.195898 -1.544760 12.798976
9.450000 0.921832 -1.347524 11.927233
9.460000 0.694897 -1.185885 11.119658
9.469999 0.506818 -1.056725 10.370104
9.480000 0.350464 -0.956806 9.673405
9.490000 0.219737 -0.883010 9.025154
9.500000 0.109462 -0.832485 8.421534
9.510000 0.015268 -0.802729 7.859184
9.520000 -0.066532 -0.791627 7.335113
9.530000 -0.139042 -0.797459 6.846630
9.540000 -0.204883 -0.818897 6.391294
9.550000 -0.266285 -0.854981 5.966884
9.559999 -0.325154 -0.905102 5.571366
9.570000 -0.383149 -0.968978 5.202883
9.580000 -0.441732 -1.046635 4.859735
9.590000 -0.502222 -1.138387 4.540374
9.599999 -0.565839 -1.244822 4.243398
9.610000 -0.633737 -1.366798 3.967547
9.620000 -0.707043 -1.505433 3.711705
9.630000 -0.786882 -1.662107 3.474900
9.639999 -0.874405 -1.838470 3.256318
9.650000 -0.970811 -2.036445 3.055305
9.660000 -1.077374 -2.258246 2.871387
9.670000 -1.195462 -2.506393 2.704290
9.679999 -1.326555 -2.783730 2.553966
9.690000 -1.472272 -3.093448 2.420629
9.700000 -1.634390 -3.439112 2.304796
9.710000 -1.814862 -3.824680 2.207351
9.719999 -2.015844 -4.254535 2.129606
9.730000 -2.239713 -4.733496 2.073397
9.740000 -2.489091 -5.266843 2.041186
9.750000 -2.766866 -5.860313 2.036203
9.760000 -3.076211 -6.520093 2.062603
9.770000 -3.420599 -7.252781 2.125667
9.780000 -3.803818 -8.065310 2.232044
9.790000 -4.229967 -8.964824 2.390029
9.800000 -4.703452 -9.958468 2.609902
9.809999 -5.228954 -11.053095 2.904300
9.820000 -5.811368 -12.254807 3.288640
9.830000 -6.455712 -13.568327 3.781568
9.840000 -7.166973 -14.996116 4.405395
9.849999 -7.949887 -16.537174 5.186468
9.860000 -8.808616 -18.185453 6.155388
9.870000 -9.746300 -19.927807 7.346913
9.880000 -10.764450 -21.741440 8.799340
9.889999 -11.862149 -23.590872 10.553061
9.900000 -13.035022 -25.424545 12.647903
9.910000 -14.273974 -27.171450 15.118801
9.920000 -15.563722 -28.738394 17.989323
9.929999 -16.881189 -30.009045 21.262793
9.940000 -18.193975 -30.846275 24.911150
9.950000 -19.459206 -31.099796 28.862562
9.960000 -20.623264 -30.620951 32.990154
9.969999 -21.623034 -29.285608 37.105839
9.980000 -22.389292 -27.023794 40.964542
9.990000 -22.852741 -23.850887 44.283997
10.000000 -22.952557 -19.891039 46.782295
10.010000 -22.646404 -15.381111 48.228962
10.020000 -21.919874 -10.646168 48.496952
10.030000 -20.792503 -6.046800 47.597431
10.040000 -19.317932 -1.911535 45.681534
10.050000 -17.577293 1.523287 43.005352
10.059999 -15.667235 4.145589 39.870564
10.070000 -13.685953 5.963922 36.563015
10.080000 -11.720965 7.076213 33.309250
10.090000 -9.841248 7.627746 30.259222
10.099999 -8.094348 7.773804 27.491264
10.110000 -6.507533 7.654887 25.029266
10.120000 -5.091291 7.385017 22.862495
10.130000 -3.843660 7.049602 20.962328
10.139999 -2.754334 6.708601 19.293869
10.150000 -1.808041 6.401720 17.822828
10.160000 -0.987065 6.153695 16.518888
10.170000 -0.272989 5.978832 15.356883
10.179999 0.352193 5.884530 14.316764
10.190000 0.905427 5.873876 13.383033
10.200000 1.402272 5.947483 12.544010
10.210000 1.856793 6.104743 11.791139
10.219999 2.281588 6.344661 11.118411
10.230000 2.687895 6.666382 10.521939
10.240000 3.085744 7.069510 9.999659
10.250000 3.484121 7.554260 9.551158
10.260000 3.891135 8.121497 9.177610
10.270000 4.314171 8.772687 8.881785
10.280000 4.760023 9.509752 8.668132
10.290000 5.234995 10.334856 8.542920
10.300000 5.744981 11.250085 8.514419
10.309999 6.295492 12.257027 8.593103
10.320000 6.891645 13.356216 8.791867
10.330000 7.538103 14.546411 9.126203
10.340000 8.238934 15.823673 9.614309
10.349999 8.997408 17.180222 10.277054
10.360000 9.815689 18.603025 11.137689
10.370000 10.694423 20.072147 12.221188
10.380000 11.632195 21.558878 13.553038
10.389999 12.624864 23.023788 15.157269
10.400000 13.664756 24.414928 17.053501
10.410000 14.739773 25.666592 19.252836
10.420000 15.832455 26.699238 21.752504
10.429999 16.919132 27.421377 24.529474
10.440000 17.969357 27.734346 27.533627
10.450000 18.945856 27.540808 30.681726
10.460000 19.805351 26.757324 33.854111
10.469999 20.500549 25.330324 36.896542
10.480000 20.983526 23.253181 39.629616
10.490000 21.210491 20.580345 41.866966
10.500000 21.147476 17.433290 43.441013
10.510000 20.776058 13.993573 44.231632
10.520000 20.097809 10.481344 44.190155
10.530000 19.136162 7.122664 43.350651
10.540000 17.934813 4.113913 41.823597
10.550000 16.552723 1.593537 39.773167
10.559999 15.056805 -0.371178 37.385384
10.570000 13.514007 -1.780605 34.837124
10.580000 11.984546 -2.686768 32.274006
10.590000 10.517414 -3.172121 29.800398
10.599999 9.148460 -3.329755 27.480070
10.610000 7.900639 -3.248891 25.343435
10.620000 6.785686 -3.006517 23.397181
10.630000 5.806466 -2.664119 21.633348
10.639999 4.959407 -2.267800 20.036427
10.650000 4.236687 -1.850176 18.588188
10.660000 3.628000 -1.432926 17.270584
10.670000 3.121908 -1.029333 16.067219
10.679999 2.706784 -0.646509 14.963931
10.690000 2.371454 -0.287186 13.948832
10.700000 2.105590 0.048903 13.012094
10.710000 1.899922 0.363998 12.145647
10.719999 1.746329 0.661578 11.342849
10.730000 1.637854 0.945851 10.598208
10.740000 1.568654 1.221408 9.907149
10.750000 1.533929 1.493008 9.265829
10.760000 1.529837 1.765447 8.671006
10.770000 1.553398 2.043495 8.119945
10.780000 1.602408 2.331877 7.610356
10.790000 1.675355 2.635283 7.140362
10.800000 1.771348 2.958403 6.708486
10.809999 1.890053 3.305966 6.313655
10.820000 2.031644 3.682790 5.955227
10.830000 2.196759 4.093833 5.633031
10.840000 2.386466 4.544243 5.347425
10.849999 2.602244 5.039396 5.099376
10.860000 2.845959 5.584932 4.890553
10.870000 3.119857 6.186769 4.723459
10.880000 3.426548 6.851096 4.601579
10.889999 3.769002 7.584343 4.529562
10.900000 4.150537 8.393101 4.513443
10.910000 4.574793 9.283988 4.560905
10.920000 5.045712 10.263438 4.681566
10.929999 5.567485 11.337385 4.887323
10.940000 6.144475 12.510806 5.192708
10.950000 6.781108 13.787086 5.615249
10.960000 7.481706 15.167150 6.175814
10.969999 8.250250 16.648300 6.898853
10.980000 9.090055 18.222715 7.812453
10.990000 10.003321 19.875547 8.948075
11.000000 10.990543 21.582617 10.339748
11.010000 12.049750 23.307749 12.022475
11.020000 13.175550 24.999924 14.029498
11.030000 14.357987 26.590614 16.388071
11.040000 15.581250 27.991947 19.113405
11.050000 16.822319 29.096670 22.200666
11.059999 18.049755 29.781286 25.615349
11.070000 19.222908 29.913897 29.283100
11.080000 20.292007 29.368109 33.081203
11.090000 21.199617 28.043350 36.835159
11.099999 21.883991 25.889896 40.324554
11.110000 22.284582 22.933893 43.301979
11.120000 22.349514 19.294573 45.525887
11.130000 22.044020 15.184677 46.803055
11.139999 21.358086 10.887882 47.030148
11.150000 20.311066 6.714529 46.220230
11.160000 18.951412 2.946660 44.502659
11.170000 17.350937 -0.210293 42.094234
11.179999 15.594814 -2.653672 39.251450
11.190000 13.769966 -4.381778 36.220837
11.200000 11.954792 -5.469966 33.202732
11.210000 10.212317 -6.037242 30.335283
11.219999 8.587360 -6.215356 27.696379
11.230000 7.107089 -6.127130 25.316210
11.240000 5.783667 -5.875119 23.192993
11.250000 4.617788 -5.538346 21.306988
11.259999 3.602175 -5.173894 19.630766
11.270000 2.724568 -4.820681 18.135670
11.280000 1.970043 -4.503714 16.795277
11.290000 1.322667 -4.237938 15.586861
11.300000 0.766607 -4.031374 14.491677
11.309999 0.286809 -3.887505 13.494656
11.320000 -0.130623 -3.807027 12.583858
11.330000 -0.498263 -3.789094 11.749903
11.340000 -0.827346 -3.832171 10.985452
11.349999 -1.127829 -3.934619 10.284790
11.360000 -1.408508 -4.095070 9.643510
11.370000 -1.677164 -4.312672 9.058286
11.380000 -1.940715 -4.587229 8.526728
11.389999 -2.205366 -4.919277 8.047301
11.400000 -2.476757 -5.310114 7.619300
11.410000 -2.760093 -5.761794 7.242863
11.420000 -3.060263 -6.277092 6.919034
11.429999 -3.381946 -6.859454 6.649858
11.440000 -3.729697 -7.512910 6.438515
11.450000 -4.108018 -8.241959 6.289487
11.460000 -4.521412 -9.051411 6.208767
11.469999 -4.974412 -9.946168 6.204099
11.480000 -5.471588 -10.930924 6.285254
11.490000 -6.017521 -12.009756 6.464330
11.500000 -6.616745 -13.185572 6.756063
11.509999 -7.273628 -14.459373 7.178112
11.520000 -7.992202 -15.829287 7.751289
11.530000 -8.775910 -17.289312 8.499642
11.540000 -9.627251 -18.827753 9.450292
11.550000 -10.547301 -20.425303 10.632864
11.559999 -11.535101 -22.052814 12.078321
11.570000 -12.586872 -23.668869 13.816910
11.580000 -13.695072 -25.217388 15.874949
11.590000 -14.847303 -26.625750 18.270153
11.599999 -16.025148 -27.804111 21.005342
11.610000 -17.203045 -28.646975 24.060629
11.620000 -18.347439 -29.038197 27.384731
11.630000 -19.416515 -28.860701 30.886839
11.639999 -20.360933 -28.011570 34.431450
11.650000 -21.125998 -26.421951 37.839424
11.660000 -21.655594 -24.079056 40.898685
11.670000 -21.897940 -21.044979 43.386555
11.679999 -21.812643 -17.465191 45.102520
11.690000 -21.377897 -13.560027 45.905289
11.700000 -20.596109 -9.596653 45.743771
11.710000 -19.496164 -5.846160 44.670708
11.719999 -18.131165 -2.537550 42.832424
11.730000 -16.571804 0.177117 40.437004
11.740000 -14.896912 2.236382 37.711838
11.750000 -13.183582 3.660781 34.864552
11.759999 -11.499146 4.529167 32.057613
11.770000 -9.896315 4.950466 29.399612
11.780000 -8.411636 5.039472 26.949715
11.790000 -7.066525 4.900731 24.729156
11.800000 -5.869800 4.620588 22.734226
11.809999 -4.820761 4.265292 20.947384
11.820000 -3.912155 3.882649 19.345264
11.830000 -3.132675 3.505236 17.903679
11.840000 -2.468884 3.153899 16.600286
11.849999 -1.906606 2.840914 15.415730
11.860000 -1.431854 2.572573 14.333844
11.870000 -1.031411 2.351168 13.341414
11.880000 -0.693153 2.176466 12.427732
11.889999 -0.406191 2.046762 11.584126
11.900000 -0.160896 1.959614 10.803534
11.910000 0.051155 1.912349 10.080141
11.920000 0.237274 1.902393 9.409106
11.929999 0.403786 1.927480 8.786344
11.940000 0.556156 1.985788 8.208367
11.950000 0.699119 2.076002 7.672184
11.960000 0.836807 2.197358 7.175216
11.969999 0.972862 2.349647 6.715254
11.980000 1.110541 2.533222 6.290427
11.990000 1.252809 2.748983 5.899195
12.000000 1.402426 2.998374 5.540353
12.009999 1.562021 3.283371 5.213045
12.020000 1.734156 3.606474 4.916793
12.030000 1.921388 3.970708 4.651547
12.040000 2.126320 4.379615 4.417736
12.050000 2.351650 4.837254 4.216343
12.059999 2.600210 5.348189 4.049007
12.070000 2.875008 5.917483 3.918136
12.080000 3.179255 6.550664 3.827054
12.090000 3.516396 7.253677 3.780178
12.099999 3.890124 8.032804 3.783233
12.110000 4.304392 8.894539 3.843502
12.120000 4.763407 9.845384 3.970123
12.130000 5.271605 10.891571 4.174423
12.139999 5.833601 12.038646 4.470287
12.150000 6.454105 13.290889 4.874553
12.160000 7.137784 14.650520 5.407389
12.170000 7.889057 16.116627 6.092617
12.179999 8.711814 17.683746 6.957890
12.190000 9.609007 19.340059 8.034603
12.200000 10.582112 21.065136 9.357347
12.210000 11.630415 22.827271 10.962658
12.219999 12.750100 24.580511 12.886717
12.230000 13.933142 26.261665 15.161638
12.240000 15.165994 27.787836 17.809933
12.250000 16.428177 29.055382 20.836899
12.259999 17.690897 29.941595 24.221035
12.270000 18.915966 30.310713 27.903229
12.280000 20.055441 30.025911 31.776567
12.290000 21.052488 28.968245 35.679947
12.300000 21.844065 27.061743 39.399807
12.309999 22.365833 24.300943 42.684525
12.320000 22.559345 20.773617 45.273983
12.330000 22.380772 16.668983 46.942093
12.340000 21.809593 12.262907 47.543251
12.349999 20.854925 7.877975 47.048176
12.360000 19.557230 3.826712 45.554562
12.370000 17.984179 0.355259 43.265976
12.380000 16.221287 -2.393754 40.445454
12.389999 14.359783 -4.388629 37.360779
12.400000 12.484941 -5.688930 34.239849
12.410000 10.667554 -6.411082 31.246922
12.420000 8.959690 -6.693338 28.479877
12.429999 7.394387 -6.669401 25.981506
12.440000 5.988008 -6.453452 23.756237
12.450000 4.743863 -6.134800 21.786047
12.460000 3.655996 -5.778671 20.042610
12.469999 2.712530 -5.429963 18.495161
12.480000 1.898280 -5.117841 17.114855
12.490000 1.196668 -4.860032 15.876708
12.500000 0.590998 -4.666356 14.760098
12.509999 0.065263 -4.541445 13.748508
12.520000 -0.395408 -4.486730 12.828973
12.530000 -0.804540 -4.501850 11.991445
12.540000 -1.174271 -4.585627 11.228230
12.550000 -1.515407 -4.736716 10.533525
12.559999 -1.837538 -4.954037 9.903068
12.570000 -2.149188 -5.237035 9.333892
12.580000 -2.457972 -5.585834 8.824183
12.590000 -2.770758 -6.001312 8.373199
12.599999 -3.093814 -6.485110 7.981265
12.610000 -3.432943 -7.039601 7.649815
12.620000 -3.793609 -7.667815 7.381490
12.630000 -4.181030 -8.373322 7.180275
12.639999 -4.600259 -9.160069 7.051679
12.650000 -5.056240 -10.032145 7.002952
12.660000 -5.553830 -10.993484 7.043335
12.670000 -6.097795 -12.047447 7.184337
12.679999 -6.692760 -13.196269 7.440007
12.690000 -7.343112 -14.440337 7.827199
12.700000 -8.052835 -15.777246 8.365753
12.710000 -8.825275 -17.200586 9.078549
12.719999 -9.662807 -18.698450 9.991309
12.730000 -10.566371 -20.251610 11.132013
12.740000 -11.534895 -21.831429 12.529736
12.750000 -12.564548 -23.397593 14.212647
12.759999 -13.647853 -24.895935 16.204935
12.770000 -14.772661 -26.256748 18.522362
12.780000 -15.921070 -27.394279 21.166351
12.790000 -17.068392 -28.208326 24.116716
12.799999 -18.182384 -28.589058 27.323635
12.809999 -19.223051 -28.426147 30.700222
12.820000 -20.143360 -27.622822 34.117901
12.830000 -20.891306 -26.114243 37.407528
12.840000 -21.413599 -23.887745 40.369286
12.849999 -21.661015 -21.000158 42.793213
12.860000 -21.594929 -17.585796 44.489166
12.870000 -21.194016 -13.849115 45.320847
12.880000 -20.459526 -10.039641 45.234627
12.889999 -19.417538 -6.413122 44.273033
12.900000 -18.117096 -3.189169 42.566753
12.910000 -16.624304 -0.518204 40.306740
12.920000 -15.013694 1.532887 37.705757
12.929999 -13.359035 2.974751 34.961884
12.940000 -11.725657 3.875044 32.233681
12.950000 -10.165586 4.332720 29.630384
12.960000 -8.715755 4.455131 27.214569
12.969999 -7.398667 4.342124 25.011957
12.980000 -6.224588 4.077627 23.023226
12.990000 -5.194366 3.727067 21.234522
13.000000 -4.302223 3.338373 19.625282
13.009999 -3.538164 2.944690 18.173300
13.020000 -2.889878 2.567559 16.857552
13.030000 -2.344135 2.219880 15.659510
13.040000 -1.887733 1.908403 14.563500
13.049999 -1.508119 1.635674 13.556570
13.059999 -1.193740 1.401493 12.628126
13.070000 -0.934217 1.203978 11.769517
13.080000 -0.720397 1.040310 10.973631
13.090000 -0.544327 0.907250 10.234557
13.099999 -0.399169 0.801475 9.547312
13.110000 -0.279105 0.719803 8.907622
13.120000 -0.179214 0.659317 8.311769
13.130000 -0.095361 0.617440 7.756466
13.139999 -0.024081 0.591961 7.238777
13.150000 0.037523 0.581042 6.756047
13.160000 0.091875 0.583203 6.305860
13.170000 0.141008 0.597303 5.886003
13.179999 0.186638 0.622512 5.494443
13.190000 0.230225 0.658291 5.129307
13.200000 0.273032 0.704362 4.788867
13.210000 0.316165 0.760692 4.471531
13.219999 0.360617 0.827474 4.175832
13.230000 0.407303 0.905113 3.900426
13.240000 0.457084 0.994220 3.644083
13.250000 0.510798 1.095605 3.405687
13.259999 0.569278 1.210276 3.184237
13.270000 0.633378 1.339444 2.978843
13.280000 0.703985 1.484528 2.788736
13.290000 0.782039 1.647167 2.613271
13.299999 0.868552 1.829229 2.451933
13.309999 0.964620 2.032835 2.304358
13.320000 1.071441 2.260372 2.170342
13.330000 1.190334 2.514518 2.049871
13.340000 1.322753 2.798266 1.943143
13.349999 1.470304 3.114951 1.850614
13.360000 1.634769 3.468277 1.773038
13.370000 1.818119 3.862344 1.711533
13.380000 2.022542 4.301677 1.667653
13.389999 2.250455 4.791243 1.643478
13.400000 2.504534 5.336472 1.641737
13.410000 2.787728 5.943259 1.665941
13.420000 3.103281 6.617949 1.720560
13.429999 3.454748 7.367294 1.811229
13.440000 3.846002 8.198377 1.945001
13.450000 4.281240 9.118468 2.130643
13.460000 4.764962 10.134812 2.378983
13.469999 5.301947 11.254296 2.703304
13.480000 5.897182 12.482971 3.119779
13.490000 6.555761 13.825374 3.647937
13.500000 7.282722 15.283583 4.311098
13.509999 8.082808 16.855944 5.136751
13.520000 8.960121 18.535378 6.156733
13.530000 9.917646 20.307207 7.407074
13.540000 10.956602 22.146469 8.927263
13.549999 12.075588 24.014729 10.758610
13.559999 13.269503 25.856581 12.941285
13.570000 14.528211 27.596231 15.509568
13.580000 15.835012 29.134905 18.484831
13.590000 17.165001 30.350285 21.866018
13.599999 18.483530 31.099680 25.617903
13.610000 19.745146 31.228979 29.658352
13.620000 20.893530 30.589245 33.847324
13.630000 21.863102 29.061640 37.981998
13.639999 22.582956 26.588650 41.803627
13.650000 22.983526 23.205496 45.021210
13.660000 23.005724 19.061367 47.353222
13.670000 22.611288 14.418405 48.581532
13.679999 21.792000 9.620472 48.602932
13.690000 20.574846 5.034476 47.459213
13.700000 19.020809 0.980428 45.331085
13.710000 17.216770 -2.325889 42.495483
13.719999 15.262505 -4.798284 39.261993
13.730000 13.256426 -6.469163 35.912174
13.740000 11.283867 -7.453343 32.660439
13.750000 9.410146 -7.904688 29.642040
13.759999 7.678662 -7.980159 26.922052
13.770000 6.112780 -7.817586 24.514471
13.780000 4.719744 -7.526347 22.402292
13.790000 3.495135 -7.186886 20.553574
13.799999 2.426933 -6.854755 18.932137
13.809999 1.498764 -6.566136 17.503628
13.820000 0.692274 -6.343159 16.238302
13.830000 -0.011269 -6.198305 15.111832
13.840000 -0.629973 -6.137774 14.105070
13.849999 -1.180753 -6.163930 13.203394
13.860000 -1.679071 -6.277002 12.395944
13.870000 -2.138864 -6.476235 11.674938
13.880000 -2.572601 -6.760644 11.035123
13.889999 -2.991405 -7.129476 10.473369
13.900000 -3.405212 -7.582474 9.988412
13.910000 -3.822938 -8.119982 9.580714
13.920000 -4.252643 -8.742940 9.252419
13.929999 -4.701673 -9.452778 9.007394
13.940000 -5.176783 -10.251221 8.851336
13.950000 -5.684227 -11.139994 8.791928
13.960000 -6.229804 -12.120424 8.839020
13.969999 -6.818866 -13.192911 9.004827
13.980000 -7.456270 -14.356237 9.304110
13.990000 -8.146267 -15.606691 9.754272
14.000000 -8.892309 -16.936970 10.375347
14.009999 -9.696775 -18.334839 11.189741
14.020000 -10.560582 -19.781544 12.221642
14.030000 -11.482678 -21.250015 13.495909
14.040000 -12.459412 -22.702972 15.036248
14.049999 -13.483768 -24.091150 16.862484
14.059999 -14.544506 -25.351995 18.986708
14.070000 -15.625255 -26.409414 21.408243
14.080000 -16.703671 -27.175299 24.107557
14.090000 -17.750834 -27.553726 27.039652
14.099999 -18.731123 -27.448658 30.128016
14.110000 -19.602877 -26.775570 33.260914
14.120000 -20.320147 -25.476524 36.292290
14.130000 -20.835785 -23.536753 39.049660
14.139999 -21.105881 -20.999102 41.350403
14.150000 -21.095203 -17.971390 43.025742
14.160000 -20.782822 -14.621965 43.948444
14.170000 -20.166737 -11.161209 44.057392
14.179999 -19.266184 -7.811345 43.371071
14.190000 -18.120701 -4.771813 41.984600
14.200000 -16.785812 -2.189987 40.050301
14.210000 -15.326230 -0.145347 37.747875
14.219999 -13.808142 1.350088 35.253613
14.230000 -12.292318 2.338176 32.716938
14.240000 -10.829269 2.894616 30.248383
14.250000 -9.456881 3.109153 27.918348
14.259999 -8.200277 3.070340 25.763086
14.270000 -7.073215 2.856203 23.793762
14.280000 -6.080274 2.530125 22.005478
14.290000 -5.219234 2.140340 20.384600
14.299999 -4.483276 1.721471 18.913910
14.309999 -3.862802 1.296902 17.575798
14.320000 -3.346831 0.881267 16.353975
14.330000 -2.924021 0.482681 15.234210
14.340000 -2.583351 0.104580 14.204477
14.349999 -2.314558 -0.252853 13.254806
14.360000 -2.108387 -0.591610 12.377000
14.370000 -1.956710 -0.915087 11.564336
14.380000 -1.852548 -1.227535 10.811282
14.389999 -1.790046 -1.533689 10.113267
14.400000 -1.764410 -1.838532 9.466499
14.410000 -1.771823 -2.147154 8.867836
14.420000 -1.809356 -2.464671 8.314688
14.429999 -1.874887 -2.796201 7.804967
14.440000 -1.967019 -3.146873 7.337059
14.450000 -2.085004 -3.521849 6.909819
14.460000 -2.228688 -3.926361 6.522593
14.469999 -2.398456 -4.365762 6.175258
14.480000 -2.595186 -4.845562 5.868283
14.490000 -2.820224 -5.371465 5.602813
14.500000 -3.075348 -5.949401 5.380778
14.509999 -3.362753 -6.585527 5.205022
14.520000 -3.685031 -7.286211 5.079474
14.530000 -4.045149 -8.057978 5.009340
14.540000 -4.446432 -8.907404 5.001339
14.549999 -4.892529 -9.840950 5.063977
14.559999 -5.387371 -10.864692 5.207848
14.570000 -5.935103 -11.983943 5.445978
14.580000 -6.539987 -13.202708 5.794170
14.589999 -7.206259 -14.522940 6.271346
14.599999 -7.937927 -15.943534 6.899815
14.610000 -8.738488 -17.459015 7.705411
14.620000 -9.610540 -19.057865 8.717368
14.630000 -10.555273 -20.720451 9.967772
14.639999 -11.571791 -22.416597 11.490351
14.650000 -12.656271 -24.102894 13.318325
14.660000 -13.800933 -25.720018 15.480960
14.670000 -14.992842 -27.190563 17.998493
14.679999 -16.212614 -28.418167 20.875225
14.690000 -17.433168 -29.289097 24.090864
14.700000 -18.618761 -29.677692 27.590816
14.710000 -19.724653 -29.457100 31.277039
14.719999 -20.697897 -28.516144 35.002201
14.730000 -21.479721 -26.781673 38.570950
14.740000 -22.009916 -24.243246 41.752171
14.750000 -22.233250 -20.973972 44.304596
14.759999 -22.107323 -17.139191 46.014137
14.770000 -21.610510 -12.985355 46.735527
14.780000 -20.747995 -8.806660 46.426010
14.790000 -19.553862 -4.895566 45.158134
14.799999 -18.088032 -1.491532 43.104851
14.809999 -16.428381 1.255553 40.500969
14.820000 -14.659987 3.296705 37.594624
14.830000 -12.864318 4.670308 34.605007
14.839999 -11.110855 5.473294 31.697191
14.849999 -9.452440 5.829351 28.975904
14.860000 -7.924261 5.863304 26.493153
14.870000 -6.545505 5.685265 24.262310
14.880000 -5.322428 5.383761 22.272686
14.889999 -4.251809 5.025092 20.501286
14.900000 -3.324119 4.656010 18.920870
14.910000 -2.526106 4.307649 17.504702
14.920000 -1.842731 3.999450 16.228901
14.929999 -1.258513 3.742546 15.073270
14.940000 -0.758407 3.542436 14.021279
14.950000 -0.328323 3.400996 13.059657
14.960000 0.044609 3.317933 12.177843
14.969999 0.371941 3.291812 11.367463
14.980000 0.663929 3.320757 10.621872
14.990000 0.929611 3.402928 9.935791
15.000000 1.176943 3.536826 9.305036
15.009999 1.412931 3.721487 8.726323
15.020000 1.643787 3.956595 8.197147
15.030000 1.875068 4.242546 7.715706
15.040000 2.111815 4.580465 7.280874
15.049999 2.358680 4.972210 6.892211
15.059999 2.620034 5.420353 6.550006
15.070000 2.900065 5.928146 6.255352
15.080000 3.202873 6.499474 6.010247
15.089999 3.532534 7.138783 5.817731
15.099999 3.893159 7.850992 5.682061
15.110000 4.288942 8.641355 5.608906
15.120000 4.724183 9.515282 5.605600
15.130000 5.203293 10.478082 5.681411
15.139999 5.730772 11.534602 5.847854
15.150000 6.311154 12.688745 6.119017
15.160000 6.948914 13.942801 6.511887
15.170000 7.648302 15.296563 7.046632
15.179999 8.413128 16.746174 7.746781
15.190000 9.246432 18.282642 8.639204
15.200000 10.150053 19.889999 9.753746
15.210000 11.124047 21.543104 11.122338
15.219999 12.165953 23.205153 12.777310
15.230000 13.269873 24.825087 14.748613
15.240000 14.425394 26.335278 17.059626
15.250000 15.616383 27.650116 19.721279
15.259999 16.819756 28.666452 22.724468
15.270000 18.004425 29.267120 26.031124
15.280000 19.130695 29.328934 29.565084
15.290000 20.150518 28.736233 33.204899
15.299999 21.009090 27.400057 36.781727
15.309999 21.648188 25.281096 40.086102
15.320000 22.011478 22.411863 42.886581
15.330000 22.051517 18.910988 44.960644
15.339999 21.737465 14.981799 46.133411
15.349999 21.061899 10.890237 46.314499
15.360000 20.044733 6.923953 45.520542
15.370000 18.732655 3.342768 43.873711
15.380000 17.193666 0.335773 41.574970
15.389999 15.507877 -2.001620 38.861023
15.400000 13.756927 -3.665918 35.959866
15.410000 12.014643 -4.724292 33.058212
15.420000 10.340750 -5.284775 30.286715
15.429999 8.778197 -5.468390 27.721106
15.440000 7.353539 -5.389225 25.392996
15.450000 6.079262 -5.143625 23.303822
15.460000 4.956974 -4.806696 21.437531
15.469999 3.980607 -4.433329 19.770088
15.480000 3.139213 -4.061396 18.275602
15.490000 2.419152 -3.715512 16.929728
15.500000 1.805686 -3.410550 15.711189
15.509999 1.284062 -3.154547 14.602188
15.520000 0.840201 -2.950965 13.588198
15.530000 0.461085 -2.800368 12.657519
15.540000 0.134939 -2.701622 11.800769
15.549999 -0.148717 -2.652747 11.010402
15.559999 -0.399120 -2.651486 10.280316
15.570000 -0.624356 -2.695693 9.605541
15.580000 -0.831490 -2.783583 8.981999
15.589999 -1.026699 -2.913880 8.406342
15.599999 -1.215417 -3.085910 7.875833
15.610000 -1.402467 -3.299643 7.388281
15.620000 -1.592184 -3.555719 6.942003
15.630000 -1.788538 -3.855444 6.535814
15.639999 -1.995228 -4.200785 6.169047
15.650000 -2.215784 -4.594354 5.841590
15.660000 -2.453641 -5.039393 5.553950
15.670000 -2.712216 -5.539744 5.307334
15.679999 -2.994969 -6.099821 5.103760
15.690000 -3.305454 -6.724558 4.946195
15.700000 -3.647364 -7.419345 4.838724
15.710000 -4.024562 -8.189928 4.786751
15.719999 -4.441099 -9.042260 4.797242
15.730000 -4.901215 -9.982295 4.879000
15.740000 -5.409323 -11.015682 5.042985
15.750000 -5.969959 -12.147345 5.302658
15.759999 -6.587698 -13.380893 5.674337
15.770000 -7.267017 -14.717831 6.177539
15.780000 -8.012098 -16.156494 6.835248
15.790000 -8.826538 -17.690670 7.674037
15.799999 -9.712952 -19.307842 8.723906
15.809999 -10.672441 -20.987041 10.017670
15.820000 -11.703900 -22.696325 11.589651
15.830000 -12.803143 -24.390013 13.473359
15.839999 -13.961829 -26.005980 15.697819
15.849999 -15.166245 -27.463530 18.282202
15.860000 -16.395973 -28.662720 21.228569
15.870000 -17.622648 -29.486334 24.512856
15.880000 -18.809017 -29.805998 28.074930
15.889999 -19.908714 -29.493845 31.809475
15.900000 -20.867228 -28.440489 35.560677
15.910000 -21.624554 -26.578381 39.124695
15.920000 -22.119936 -23.906931 42.263824
15.929999 -22.298635 -20.512712 44.734421
15.940000 -22.120043 -16.576038 46.326164
15.950000 -21.565643 -12.356523 46.904366
15.960000 -20.644732 -8.156109 46.442154
15.969999 -19.395870 -4.267215 45.029800
15.980000 -17.883005 -0.921465 42.855461
15.990000 -16.186852 1.744353 40.163200
16.000000 -14.393731 3.695748 37.203285
16.010000 -12.584784 4.983487 34.191097
16.020000 -10.827956 5.712789 31.284519
16.029999 -9.173882 6.011307 28.580296
16.039999 -7.655363 6.004429 26.123463
16.049999 -6.289383 5.800729 23.922230
16.059999 -5.080372 5.486255 21.962576
16.070000 -4.023710 5.124669 20.219675
16.080000 -3.108872 4.760365 18.665489
16.090000 -2.321948 4.422563 17.273123
16.100000 -1.647497 4.129265 16.018887
16.109999 -1.069821 3.890584 14.882926
16.119999 -0.573781 3.711349 13.849104
16.129999 -0.145268 3.593040 12.904531
16.139999 0.228563 3.535181 12.039004
16.150000 0.559225 3.536310 11.244480
16.160000 0.856933 3.594648 10.514620
16.170000 1.130705 3.708540 9.844445
16.180000 1.388488 3.876740 9.230079
16.190001 1.637313 4.098591 8.668565
16.199999 1.883441 4.374121 8.157764
16.209999 2.132509 4.704097 7.696295
16.219999 2.389668 5.090034 7.283521
16.230000 2.659705 5.534189 6.919586
16.240000 2.947153 6.039524 6.605471
16.250000 3.256390 6.609658 6.343098
16.260000 3.591717 7.248795 6.135458
16.270000 3.957425 7.961619 5.986782
16.279999 4.357844 8.753160 5.902736
16.289999 4.797375 9.628592 5.890667
16.299999 5.280497 10.592974 5.959874
16.309999 5.811745 11.650872 6.121909
16.320000 6.395658 12.805862 6.390898
16.330000 7.036678 14.059848 6.783855
16.340000 7.738995 15.412161 7.320942
16.350000 8.506311 16.858391 8.025623
16.359999 9.341519 18.388889 8.924606
16.369999 10.246256 19.986933 10.047431
16.379999 11.220324 21.626530 11.425511
16.389999 12.260944 23.269976 13.090373
16.400000 13.361848 24.865337 15.070796
16.410000 14.512197 26.344265 17.388540
16.420000 15.695403 27.620779 20.052429
16.430000 16.887941 28.591974 23.050787
16.440001 18.058344 29.141874 26.342655
16.449999 19.166697 29.149744 29.849009
16.459999 20.165001 28.503853 33.446106
16.469999 20.998886 27.120607 36.964157
16.480000 21.611057 24.967028 40.194893
16.490000 21.946655 22.081913 42.910858
16.500000 21.960180 18.588659 44.896362
16.510000 21.623028 14.692301 45.985359
16.520000 20.929955 10.656399 46.096573
16.529999 19.902599 6.762230 45.253834
16.539999 18.588562 3.260647 43.582756
16.549999 17.055771 0.331430 41.283333
16.559999 15.383337 -1.937459 38.587624
16.570000 13.651258 -3.546815 35.717056
16.580000 11.931450 -4.564822 32.851723
16.590000 10.281822 -5.098055 30.116947
16.600000 8.743834 -5.264735 27.584969
16.609999 7.342978 -5.175798 25.285622
16.619999 6.091100 -4.924724 23.219847
16.629999 4.989517 -4.584313 21.371880
16.639999 4.032134 -4.207758 19.718346
16.650000 3.208145 -3.831753 18.234119
16.660000 2.504155 -3.480132 16.895576
16.670000 1.905726 -3.167259 15.682051
16.680000 1.398428 -2.900840 14.576216
16.690001 0.968501 -2.684110 13.563897
16.699999 0.603240 -2.517455 12.633637
16.709999 0.291171 -2.399584 11.776204
16.719999 0.022095 -2.328350 10.984133
16.730000 -0.212949 -2.301306 10.251339
16.740000 -0.421785 -2.316089 9.572814
16.750000 -0.611215 -2.370651 8.944392
16.760000 -0.787159 -2.463416 8.362586
16.770000 -0.954785 -2.593359 7.824469
16.779999 -1.118642 -2.760059 7.327596
16.789999 -1.282784 -2.963709 6.869962
16.799999 -1.450876 -3.205124 6.449980
16.809999 -1.626301 -3.485737 6.066482
16.820000 -1.812245 -3.807585 5.718736
16.830000 -2.011779 -4.173300 5.406488
16.840000 -2.227931 -4.586098 5.130011
16.850000 -2.463748 -5.049765 4.890184
16.859999 -2.722349 -5.568635 4.688583
16.869999 -3.006978 -6.147566 4.527607
16.879999 -3.321037 -6.791900 4.410622
16.889999 -3.668123 -7.507393 4.342140
16.900000 -4.052050 -8.300118 4.328043
16.910000 -4.476857 -9.176317 4.375830
16.920000 -4.946803 -10.142175 4.494917
16.930000 -5.466340 -11.203503 4.696968
16.940001 -6.040056 -12.365291 4.996257
16.949999 -6.672580 -13.631077 5.410042
16.959999 -7.368429 -15.002099 5.958915
16.969999 -8.131796 -16.476160 6.667071
16.980000 -8.966232 -18.046148 7.562405
16.990000 -9.874224 -19.698170 8.676302
17.000000 -10.856618 -21.409254 10.042920
17.010000 -11.911881 -23.144693 11.697710
17.020000 -13.035163 -24.855156 13.674828
17.029999 -14.217162 -26.473913 16.003078
17.039999 -15.442837 -27.914795 18.700041
17.049999 -16.690033 -29.071825 21.764202
17.059999 -17.928211 -29.821863 25.165344
17.070000 -19.117577 -30.031847 28.834173
17.080000 -20.209003 -29.572054 32.653248
17.090000 -21.145309 -28.335958 36.452572
17.100000 -21.864374 -26.265276 40.014114
17.109999 -22.304464 -23.375813 43.089233
17.119999 -22.411598 -19.776482 45.430454
17.129999 -22.148087 -15.672274 46.833969
17.139999 -21.500505 -11.344187 47.182796
17.150000 -20.484873 -7.106347 46.476318
17.160000 -19.147020 -3.250433 44.833607
17.170000 -17.557362 0.005205 42.467045
17.180000 -15.801105 2.545185 39.634979
17.190001 -13.966475 4.358188 36.590466
17.199999 -12.134009 5.514391 33.542404
17.209999 -10.369169 6.131763 30.637115
17.219999 -8.719076 6.343892 27.958818
17.230000 -7.212780 6.276863 25.541759
17.240000 -5.863815 6.036787 23.386230
17.250000 -4.673755 5.705876 21.473154
17.260000 -3.635792 5.343768 19.774925
17.270000 -2.737836 4.991284 18.262302
17.279999 -1.964924 4.674769 16.908155
17.289999 -1.300955 4.410075 15.689084
17.299999 -0.729852 4.205814 14.585767
17.309999 -0.236285 4.065852 13.582682
17.320000 0.193928 3.991128 12.667558
17.330000 0.573648 3.980950 11.830790
17.340000 0.914379 4.033895 11.064903
17.350000 1.226330 4.148407 10.364124
17.359999 1.518538 4.323197 9.724052
17.369999 1.799004 4.557493 9.141428
17.379999 2.074853 4.851184 8.613986
17.389999 2.352486 5.204904 8.140372
17.400000 2.637728 5.620049 7.720123
17.410000 2.935960 6.098777 7.353687
17.420000 3.252242 6.643957 7.042496
17.430000 3.591413 7.259106 6.789072
17.440001 3.958182 7.948287 6.597169
17.449999 4.357193 8.715967 6.471963
17.459999 4.793070 9.566826 6.420268
17.469999 5.270446 10.505489 6.450793
17.480000 5.793950 11.536174 6.574424
17.490000 6.368173 12.662199 6.804527
17.500000 6.997575 13.885342 7.157240
17.510000 7.686352 15.204976 7.651725
17.520000 8.438214 16.616966 8.310316
17.529999 9.256089 18.112255 9.158467
17.539999 10.141706 19.675121 10.224386
17.549999 11.095047 21.281120 11.538150
17.559999 12.113654 22.894758 13.130087
17.570000 13.191765 24.467100 15.028135
17.580000 14.319299 25.933647 17.253897
17.590000 15.480734 27.213078 19.817148
17.600000 16.653969 28.207712 22.708782
17.609999 17.809343 28.806833 25.892559
17.619999 18.909092 28.894087 29.296688
17.629999 19.907591 28.359955 32.807175
17.639999 20.752827 27.119362 36.265804
17.650000 21.389481 25.132780 39.476105
17.660000 21.763811 22.426773 42.220123
17.670000 21.830107 19.107664 44.286354
17.680000 21.557863 15.361259 45.505138
17.690001 20.938202 11.433913 45.783009
17.699999 19.987774 7.596132 45.124847
17.709999 18.748610 4.097295 43.634808
17.719999 17.283478 1.125014 41.493992
17.730000 15.667631 -1.218468 38.922153
17.740000 13.979021 -2.917526 36.136425
17.750000 12.289367 -4.025743 33.319477
17.760000 10.657856 -4.639215 30.603430
17.770000 9.128149 -4.870293 28.068750
17.779999 7.728305 -4.827866 25.752924
17.789999 6.472688 -4.605927 23.662941
17.799999 5.364826 -4.279143 21.787277
17.809999 4.400429 -3.903050 20.105217
17.820000 3.570081 -3.516615 18.593111
17.830000 2.861412 -3.145615 17.228018
17.840000 2.260709 -2.805928 15.989469
17.850000 1.754045 -2.506346 14.860065
17.859999 1.328006 -2.250802 13.825426
17.869999 0.970125 -2.040055 12.873836
17.879999 0.669107 -1.872911 11.995785
17.889999 0.414905 -1.747097 11.183530
17.900000 0.198705 -1.659853 10.430709
17.910000 0.012849 -1.608344 9.732027
17.920000 -0.149270 -1.589913 9.083015
17.930000 -0.293334 -1.602251 8.479852
17.940001 -0.424226 -1.643488 7.919225
17.949999 -0.546152 -1.712241 7.398246
17.959999 -0.662761 -1.807636 6.914379
17.969999 -0.777249 -1.929307 6.465398
17.980000 -0.892454 -2.077391 6.049365
17.990000 -1.010948 -2.252516 5.664611
18.000000 -1.135105 -2.455790 5.309741
18.010000 -1.267173 -2.688791 4.983632
18.020000 -1.409335 -2.953560 4.685460
18.029999 -1.563758 -3.252604 4.414720
18.039999 -1.732642 -3.588895 4.171267
18.049999 -1.918267 -3.965873 3.955364
18.059999 -2.123028 -4.387454 3.767747
18.070000 -2.349471 -4.858037 3.609710
18.080000 -2.600327 -5.382499 3.483200
18.090000 -2.878544 -5.966191 3.390948
18.100000 -3.187309 -6.614912 3.336623
18.109999 -3.530069 -7.334861 3.325018
18.119999 -3.910548 -8.132556 3.362275
18.129999 -4.332749 -9.014701 3.456149
18.139999 -4.800944 -9.987977 3.616323
18.150000 -5.319648 -11.058744 3.854750
18.160000 -5.893558 -12.232599 4.186052
18.170000 -6.527462 -13.513762 4.627915
18.180000 -7.226091 -14.904228 5.201492
18.190001 -7.993905 -16.402626 5.931717
18.199999 -8.834777 -18.002718 6.847478
18.209999 -9.751571 -19.691469 7.981477
18.219999 -10.745561 -21.446674 9.369603
18.230000 -11.815672 -23.234148 11.049525
18.240000 -12.957520 -25.004620 13.058157
18.250000 -14.162230 -26.690666 15.427588
18.260000 -15.415073 -28.204294 18.179070
18.270000 -16.693996 -29.436155 21.314838
18.279999 -17.968212 -30.257814 24.807913
18.289999 -19.197172 -30.528797 28.590832
18.299999 -20.330334 -30.110086 32.545433
18.309999 -21.308310 -28.884884 36.497208
18.320000 -22.065968 -26.785423 40.218929
18.330000 -22.537912 -23.821344 43.448116
18.340000 -22.666256 -20.101448 45.920395
18.350000 -22.409775 -15.838551 47.415264
18.359999 -21.752653 -11.329248 47.803616
18.369999 -20.710312 -6.908144 47.081104
18.379999 -19.330095 -2.887306 45.373047
18.389999 -17.685816 0.499793 42.906281
18.400000 -15.867255 3.131093 39.957455
18.410000 -13.967421 4.997102 36.796791
18.420000 -12.070969 6.175816 33.645695
18.430000 -10.246290 6.795547 30.657156
18.440001 -8.542107 6.999852 27.917044
18.449999 -6.987911 6.922767 25.457964
18.459999 -5.596843 6.675904 23.277000
18.469999 -4.369568 6.344806 21.351553
18.480000 -3.298131 5.990850 19.650869
18.490000 -2.369233 5.655576 18.143219
18.500000 -1.566752 5.365490 16.799671
18.510000 -0.873527 5.136354 15.595624
18.520000 -0.272539 4.976635 14.511044
18.529999 0.252378 4.890106 13.530072
18.539999 0.716151 4.877724 12.640405
18.549999 1.132308 4.938945 11.832639
18.559999 1.512972 5.072620 11.099716
18.570000 1.868937 5.277590 10.436479
18.580000 2.209802 5.553065 9.839345
18.590000 2.544128 5.898849 9.306097
18.600000 2.879601 6.315457 8.835762
18.609999 3.223186 6.804156 8.428568
18.619999 3.581283 7.366939 8.085971
18.629999 3.959849 8.006447 7.810734
18.639999 4.364509 8.725847 7.607059
18.650000 4.800642 9.528641 7.480760
18.660000 5.273442 10.418409 7.439476
18.670000 5.787939 11.398473 7.492918
18.680000 6.348992 12.471425 7.653124
18.690001 6.961236 13.638533 7.934723
18.699999 7.628965 14.898938 8.355149
18.709999 8.355963 16.248648 8.934772
18.719999 9.145231 17.679245 9.696848
18.730000 9.998632 19.176317 10.667196
18.740000 10.916401 20.717598 11.873416
18.750000 11.896521 22.270864 13.343467
18.760000 12.933955 23.791773 15.103355
18.770000 14.019737 25.221901 17.173677
18.779999 15.139954 26.487503 19.564804
18.789999 16.274708 27.499712 22.270672
18.799999 17.397209 28.157146 25.261450
18.809999 18.473204 28.352007 28.475903
18.820000 19.461084 27.980572 31.815023
18.830000 20.313032 26.958321 35.139336
18.840000 20.977560 25.238522 38.272755
18.850000 21.403656 22.831163 41.015652
18.859999 21.546406 19.817026 43.167965
18.869999 21.373468 16.350704 44.559944
18.879999 20.871193 12.647762 45.083981
18.889999 20.048849 8.955654 44.718105
18.900000 18.939529 5.514310 43.532391
18.910000 17.597008 2.517405 41.674603
18.920000 16.089046 0.085910 39.339272
18.930000 14.488733 -1.739330 36.730461
18.939999 12.865927 -2.986870 34.029743
18.949999 11.280647 -3.732783 31.376795
18.959999 9.779305 -4.076380 28.863916
18.969999 8.393736 -4.120101 26.541004
18.980000 7.142352 -3.956436 24.425764
18.990000 6.032474 -3.661587 22.514790
19.000000 5.063067 -3.294077 20.792912
19.010000 4.227353 -2.896236 19.239929
19.020000 3.514994 -2.496955 17.834827
19.029999 2.913799 -2.114680 16.558065
19.039999 2.410951 -1.760138 15.392571
19.049999 1.993842 -1.438578 14.323959
19.059999 1.650600 -1.151513 13.340341
19.070000 1.370389 -0.898026 12.431973
19.080000 1.143548 -0.675703 11.590865
19.090000 0.961622 -0.481300 10.810410
19.100000 0.817330 -0.311188 10.085084
19.109999 0.704478 -0.161652 9.410198
19.119999 0.617865 -0.029074 8.781710
19.129999 0.553171 0.089960 8.196080
19.139999 0.506850 0.198610 7.650170
19.150000 0.476026 0.299767 7.141163
19.160000 0.458400 0.396063 6.666510
19.170000 0.452166 0.489895 6.223889
19.180000 0.455939 0.583460 5.811176
19.189999 0.468691 0.678793 5.426423
19.199999 0.489701 0.777805 5.067841
19.209999 0.518512 0.882327 4.733792
19.219999 0.554893 0.994141 4.422780
19.230000 0.598818 1.115028 4.133442
19.240000 0.650439 1.246795 3.864555
19.250000 0.710075 1.391314 3.615026
19.260000 0.778199 1.550552 3.383903
19.270000 0.855434 1.726609 3.170375
19.279999 0.942552 1.921744 2.973785
19.289999 1.040471 2.138412 2.793645
19.299999 1.150265 2.379292 2.629651
19.309999 1.273168 2.647326 2.481708
19.320000 1.410583 2.945743 2.349965
19.330000 1.564099 3.278100 2.234852
19.340000 1.735499 3.648312 2.137134
19.350000 1.926781 4.060679 2.057974
19.359999 2.140171 4.519918 1.999015
19.369999 2.378145 5.031184 1.962481
19.379999 2.643449 5.600082 1.951297
19.389999 2.939112 6.232666 1.969245
19.400000 3.268468 6.935412 2.021147
19.410000 3.635162 7.715169 2.113085
19.420000 4.043163 8.579048 2.252671
19.430000 4.496751 9.534265 2.449357
19.439999 5.000503 10.587871 2.714797
19.449999 5.559239 11.746379 3.063257
19.459999 6.177953 13.015208 3.512048
19.469999 6.861679 14.397910 4.081984
19.480000 7.615302 15.895108 4.797788
19.490000 8.443282 17.503075 5.688395
19.500000 9.349261 19.211876 6.787000
19.510000 10.335523 21.003016 8.130700
19.520000 11.402272 22.846581 9.759422
19.529999 12.546703 24.697954 11.713820
19.539999 13.761828 26.494352 14.031674
19.549999 15.035081 28.151707 16.742332
19.559999 16.346743 29.562790 19.858803
19.570000 17.668346 30.597982 23.367428
19.580000 18.961309 31.110502 27.215748
19.590000 20.176229 30.948101 31.300314
19.600000 21.253416 29.972740 35.457775
19.609999 22.125349 28.087980 39.464142
19.619999 22.721613 25.270618 43.047749
19.629999 22.976513 21.598822 45.919777
19.639999 22.838743 17.265493 47.821098
19.650000 22.281418 12.565948 48.576233
19.660000 21.309872 7.855613 48.137672
19.670000 19.964445 3.485744 46.602501
19.680000 18.316576 -0.262999 44.191563
19.689999 16.458618 -3.226109 41.197273
19.699999 14.490146 -5.365936 37.919800
19.709999 12.504538 -6.749671 34.614269
19.719999 10.579117 -7.509258 31.462626
19.730000 8.770279 -7.800480 28.570694
19.740000 7.113203 -7.772527 25.981848
19.750000 5.624630 -7.551247 23.696840
19.760000 4.307042 -7.233697 21.692314
19.770000 3.152968 -6.889686 19.934595
19.779999 2.148703 -6.566489 18.388386
19.789999 1.277184 -6.294299 17.021393
19.799999 0.520035 -6.091139 15.806238
19.809999 -0.141082 -5.966816 14.720808
19.820000 -0.723656 -5.925882 13.747834
19.830000 -1.243878 -5.969760 12.874190
19.840000 -1.716466 -6.098209 12.090163
19.850000 -2.154641 -6.310314 11.388823
19.859999 -2.570208 -6.605122 10.765529
19.869999 -2.973699 -6.982032 10.217588
19.879999 -3.374533 -7.441008 9.744038
19.889999 -3.781180 -7.982651 9.345531
19.900000 -4.201327 -8.608183 9.024331
19.910000 -4.642013 -9.319331 8.784364
19.920000 -5.109745 -10.118131 8.631341
19.930000 -5.610583 -11.006639 8.572927
19.939999 -6.150189 -11.986545 8.618932
19.949999 -6.733825 -13.058652 8.781528
19.959999 -7.366307 -14.222203 9.075437
19.969999 -8.051897 -15.474023 9.518056
19.980000 -8.794109 -16.807430 10.129468
19.990000 -9.595442 -18.210911 10.932231
